3.4531369716811572E-01
2.9454550752914938E-01
0.0000000000000000E+00
0.0000000000000000E+00
0.0000000000000000E+00 
2.9454550752914938E-01
2.5124128210693758E-01
0.0000000000000000E+00
0.0000000000000000E+00
0.0000000000000000E+00 
0.0000000000000000E+00
0.0000000000000000E+00
0.0000000000000000E+00
0.0000000000000000E+00
0.0000000000000000E+00 
0.0000000000000000E+00
0.0000000000000000E+00
0.0000000000000000E+00
0.0000000000000000E+00
0.0000000000000000E+00 
0.0000000000000000E+00
0.0000000000000000E+00
0.0000000000000000E+00
0.0000000000000000E+00
0.0000000000000000E+00 
