2.0000519785107365E+00
1.7517136861547207E-15
6.8410114909956103E-16
-6.6193464261504319E-04
0.0000000000000000E+00
0.0000000000000000E+00
0.0000000000000000E+00
0.0000000000000000E+00
0.0000000000000000E+00
0.0000000000000000E+00
0.0000000000000000E+00
0.0000000000000000E+00
0.0000000000000000E+00
0.0000000000000000E+00
0.0000000000000000E+00
0.0000000000000000E+00
0.0000000000000000E+00
0.0000000000000000E+00
1.7517136861547207E-15
2.0117869967507347E+00
5.9560868435650848E-16
-1.9472302612543166E-02
0.0000000000000000E+00
0.0000000000000000E+00
0.0000000000000000E+00
0.0000000000000000E+00
0.0000000000000000E+00
0.0000000000000000E+00
0.0000000000000000E+00
0.0000000000000000E+00
0.0000000000000000E+00
0.0000000000000000E+00
0.0000000000000000E+00
0.0000000000000000E+00
0.0000000000000000E+00
0.0000000000000000E+00
6.8410114909956103E-16
5.9560868435650848E-16
3.6611986076203651E-01
3.7323823945817630E-01
0.0000000000000000E+00
0.0000000000000000E+00
0.0000000000000000E+00
0.0000000000000000E+00
0.0000000000000000E+00
0.0000000000000000E+00
0.0000000000000000E+00
0.0000000000000000E+00
0.0000000000000000E+00
0.0000000000000000E+00
0.0000000000000000E+00
0.0000000000000000E+00
0.0000000000000000E+00
0.0000000000000000E+00
-6.6193464261504319E-04
-1.9472302612543166E-02
3.7323823945817630E-01
3.8068371262952744E-01
0.0000000000000000E+00
0.0000000000000000E+00
0.0000000000000000E+00
0.0000000000000000E+00
0.0000000000000000E+00
0.0000000000000000E+00
0.0000000000000000E+00
0.0000000000000000E+00
0.0000000000000000E+00
0.0000000000000000E+00
0.0000000000000000E+00
0.0000000000000000E+00
0.0000000000000000E+00
0.0000000000000000E+00
0.0000000000000000E+00
0.0000000000000000E+00
0.0000000000000000E+00
0.0000000000000000E+00
2.0008193940479906E+00
4.9866077008853638E-16
-2.4645534824135072E-17
-1.2578446604432522E-15
1.2304027373216744E-15
-2.7771850770259435E-17
-4.1427088605578066E-03
-3.3002792167542247E-16
3.4697264712833795E-17
0.0000000000000000E+00
0.0000000000000000E+00
0.0000000000000000E+00
0.0000000000000000E+00
0.0000000000000000E+00
0.0000000000000000E+00
0.0000000000000000E+00
0.0000000000000000E+00
0.0000000000000000E+00
4.9866077008853638E-16
2.0008193940479915E+00
4.4880656183753292E-17
4.0454561338399712E-16
-9.7164412526160954E-16
-6.1259783955588958E-17
-3.2775062566457610E-16
-4.1427088605581648E-03
-4.1526355681267208E-17
0.0000000000000000E+00
0.0000000000000000E+00
0.0000000000000000E+00
0.0000000000000000E+00
0.0000000000000000E+00
0.0000000000000000E+00
0.0000000000000000E+00
0.0000000000000000E+00
0.0000000000000000E+00
-2.4645534824135072E-17
4.4880656183753292E-17
2.0008193940479950E+00
2.7354920266968139E-16
1.4130415580154257E-16
3.8965638851946493E-16
-3.7828354536944719E-16
-3.7803784324189070E-17
-4.1427088605593817E-03
0.0000000000000000E+00
0.0000000000000000E+00
0.0000000000000000E+00
0.0000000000000000E+00
0.0000000000000000E+00
0.0000000000000000E+00
0.0000000000000000E+00
0.0000000000000000E+00
0.0000000000000000E+00
-1.2578446604432522E-15
4.0454561338399712E-16
2.7354920266968139E-16
3.6212834812043659E-01
7.1294008934669632E-20
7.9795834680805759E-17
3.8286800527454246E-01
-7.5726474480796287E-17
5.6587085924277267E-17
0.0000000000000000E+00
0.0000000000000000E+00
0.0000000000000000E+00
0.0000000000000000E+00
0.0000000000000000E+00
0.0000000000000000E+00
0.0000000000000000E+00
0.0000000000000000E+00
0.0000000000000000E+00
1.2304027373216744E-15
-9.7164412526160954E-16
1.4130415580154257E-16
7.1294008934669632E-20
3.6212834812043726E-01
-9.7271130282554576E-17
-2.2957580394569646E-16
3.8286800527454329E-01
-1.5583294477137684E-16
0.0000000000000000E+00
0.0000000000000000E+00
0.0000000000000000E+00
0.0000000000000000E+00
0.0000000000000000E+00
0.0000000000000000E+00
0.0000000000000000E+00
0.0000000000000000E+00
0.0000000000000000E+00
-2.7771850770259435E-17
-6.1259783955588958E-17
3.8965638851946493E-16
7.9795834680805771E-17
-9.7271130282554576E-17
3.6212834812043776E-01
6.1008669276574956E-17
1.0888588853513216E-16
3.8286800527454312E-01
0.0000000000000000E+00
0.0000000000000000E+00
0.0000000000000000E+00
0.0000000000000000E+00
0.0000000000000000E+00
0.0000000000000000E+00
0.0000000000000000E+00
0.0000000000000000E+00
0.0000000000000000E+00
-4.1427088605578066E-03
-3.2775062566457610E-16
-3.7828354536944719E-16
3.8286800527454246E-01
-2.2957580394569646E-16
6.1008669276574956E-17
4.0480403255138503E-01
-3.1792827033797388E-16
3.6382547135609096E-17
0.0000000000000000E+00
0.0000000000000000E+00
0.0000000000000000E+00
0.0000000000000000E+00
0.0000000000000000E+00
0.0000000000000000E+00
0.0000000000000000E+00
0.0000000000000000E+00
0.0000000000000000E+00
-3.3002792167542247E-16
-4.1427088605581648E-03
-3.7803784324189070E-17
-7.5726474480796299E-17
3.8286800527454329E-01
1.0888588853513216E-16
-3.1792827033797393E-16
4.0480403255138608E-01
5.9435420043383538E-17
0.0000000000000000E+00
0.0000000000000000E+00
0.0000000000000000E+00
0.0000000000000000E+00
0.0000000000000000E+00
0.0000000000000000E+00
0.0000000000000000E+00
0.0000000000000000E+00
0.0000000000000000E+00
3.4697264712833788E-17
-4.1526355681267202E-17
-4.1427088605593817E-03
5.6587085924277267E-17
-1.5583294477137684E-16
3.8286800527454312E-01
3.6382547135609096E-17
5.9435420043383538E-17
4.0480403255138508E-01
0.0000000000000000E+00
0.0000000000000000E+00
0.0000000000000000E+00
0.0000000000000000E+00
0.0000000000000000E+00
0.0000000000000000E+00
0.0000000000000000E+00
0.0000000000000000E+00
0.0000000000000000E+00
0.0000000000000000E+00
0.0000000000000000E+00
0.0000000000000000E+00
0.0000000000000000E+00
0.0000000000000000E+00
0.0000000000000000E+00
0.0000000000000000E+00
0.0000000000000000E+00
0.0000000000000000E+00
0.0000000000000000E+00
0.0000000000000000E+00
0.0000000000000000E+00
0.0000000000000000E+00
0.0000000000000000E+00
0.0000000000000000E+00
0.0000000000000000E+00
0.0000000000000000E+00
0.0000000000000000E+00
0.0000000000000000E+00
0.0000000000000000E+00
0.0000000000000000E+00
0.0000000000000000E+00
0.0000000000000000E+00
0.0000000000000000E+00
0.0000000000000000E+00
0.0000000000000000E+00
0.0000000000000000E+00
0.0000000000000000E+00
0.0000000000000000E+00
0.0000000000000000E+00
0.0000000000000000E+00
0.0000000000000000E+00
0.0000000000000000E+00
0.0000000000000000E+00
0.0000000000000000E+00
0.0000000000000000E+00
0.0000000000000000E+00
0.0000000000000000E+00
0.0000000000000000E+00
0.0000000000000000E+00
0.0000000000000000E+00
0.0000000000000000E+00
0.0000000000000000E+00
0.0000000000000000E+00
0.0000000000000000E+00
0.0000000000000000E+00
0.0000000000000000E+00
0.0000000000000000E+00
0.0000000000000000E+00
0.0000000000000000E+00
0.0000000000000000E+00
0.0000000000000000E+00
0.0000000000000000E+00
0.0000000000000000E+00
0.0000000000000000E+00
0.0000000000000000E+00
0.0000000000000000E+00
0.0000000000000000E+00
0.0000000000000000E+00
0.0000000000000000E+00
0.0000000000000000E+00
0.0000000000000000E+00
0.0000000000000000E+00
0.0000000000000000E+00
0.0000000000000000E+00
0.0000000000000000E+00
0.0000000000000000E+00
0.0000000000000000E+00
0.0000000000000000E+00
0.0000000000000000E+00
0.0000000000000000E+00
0.0000000000000000E+00
0.0000000000000000E+00
0.0000000000000000E+00
0.0000000000000000E+00
0.0000000000000000E+00
0.0000000000000000E+00
0.0000000000000000E+00
0.0000000000000000E+00
0.0000000000000000E+00
0.0000000000000000E+00
0.0000000000000000E+00
0.0000000000000000E+00
0.0000000000000000E+00
0.0000000000000000E+00
0.0000000000000000E+00
