2.001333105435474380e+00
1.179602951137630196e-02
9.369300048085678345e-03
0.000000000000000000e+00
0.000000000000000000e+00
0.000000000000000000e+00
0.000000000000000000e+00
0.000000000000000000e+00
0.000000000000000000e+00
2.819137057223307954e-16
0.000000000000000000e+00
0.000000000000000000e+00
2.819137057223308447e-16
0.000000000000000000e+00
2.819137057223308447e-16
1.179602951137630196e-02
5.609892872132665742e-01
5.817902349805192941e-01
0.000000000000000000e+00
0.000000000000000000e+00
0.000000000000000000e+00
0.000000000000000000e+00
0.000000000000000000e+00
0.000000000000000000e+00
-1.292338731048031388e-16
0.000000000000000000e+00
0.000000000000000000e+00
-1.292338731048031388e-16
0.000000000000000000e+00
-1.292338731048031388e-16
9.369300048085678345e-03
5.817902349805192941e-01
6.033665614068882688e-01
0.000000000000000000e+00
0.000000000000000000e+00
0.000000000000000000e+00
0.000000000000000000e+00
0.000000000000000000e+00
0.000000000000000000e+00
-1.344331289952261894e-16
0.000000000000000000e+00
0.000000000000000000e+00
-1.344331289952261894e-16
0.000000000000000000e+00
-1.344331289952261894e-16
0.000000000000000000e+00
0.000000000000000000e+00
0.000000000000000000e+00
2.085165452836579558e-01
0.000000000000000000e+00
0.000000000000000000e+00
2.176268191568267729e-01
0.000000000000000000e+00
0.000000000000000000e+00
0.000000000000000000e+00
0.000000000000000000e+00
0.000000000000000000e+00
0.000000000000000000e+00
0.000000000000000000e+00
0.000000000000000000e+00
0.000000000000000000e+00
0.000000000000000000e+00
0.000000000000000000e+00
0.000000000000000000e+00
2.085165452836579558e-01
0.000000000000000000e+00
0.000000000000000000e+00
2.176268191568267729e-01
0.000000000000000000e+00
0.000000000000000000e+00
0.000000000000000000e+00
0.000000000000000000e+00
0.000000000000000000e+00
0.000000000000000000e+00
0.000000000000000000e+00
0.000000000000000000e+00
0.000000000000000000e+00
0.000000000000000000e+00
0.000000000000000000e+00
0.000000000000000000e+00
2.085165452836579558e-01
0.000000000000000000e+00
0.000000000000000000e+00
2.176268191568267729e-01
0.000000000000000000e+00
0.000000000000000000e+00
0.000000000000000000e+00
0.000000000000000000e+00
0.000000000000000000e+00
0.000000000000000000e+00
0.000000000000000000e+00
0.000000000000000000e+00
0.000000000000000000e+00
2.176268191568267729e-01
0.000000000000000000e+00
0.000000000000000000e+00
2.271351290224451758e-01
0.000000000000000000e+00
0.000000000000000000e+00
0.000000000000000000e+00
0.000000000000000000e+00
0.000000000000000000e+00
0.000000000000000000e+00
0.000000000000000000e+00
0.000000000000000000e+00
0.000000000000000000e+00
0.000000000000000000e+00
0.000000000000000000e+00
0.000000000000000000e+00
2.176268191568267729e-01
0.000000000000000000e+00
0.000000000000000000e+00
2.271351290224451758e-01
0.000000000000000000e+00
0.000000000000000000e+00
0.000000000000000000e+00
0.000000000000000000e+00
0.000000000000000000e+00
0.000000000000000000e+00
0.000000000000000000e+00
0.000000000000000000e+00
0.000000000000000000e+00
0.000000000000000000e+00
0.000000000000000000e+00
0.000000000000000000e+00
2.176268191568267729e-01
0.000000000000000000e+00
0.000000000000000000e+00
2.271351290224451758e-01
0.000000000000000000e+00
0.000000000000000000e+00
0.000000000000000000e+00
0.000000000000000000e+00
0.000000000000000000e+00
0.000000000000000000e+00
2.819137057223307954e-16
-1.292338731048031388e-16
-1.344331289952261894e-16
0.000000000000000000e+00
0.000000000000000000e+00
0.000000000000000000e+00
0.000000000000000000e+00
0.000000000000000000e+00
0.000000000000000000e+00
7.025679990280010058e-32
0.000000000000000000e+00
0.000000000000000000e+00
7.025679990280010058e-32
0.000000000000000000e+00
7.025679990280010058e-32
0.000000000000000000e+00
0.000000000000000000e+00
0.000000000000000000e+00
0.000000000000000000e+00
0.000000000000000000e+00
0.000000000000000000e+00
0.000000000000000000e+00
0.000000000000000000e+00
0.000000000000000000e+00
0.000000000000000000e+00
0.000000000000000000e+00
0.000000000000000000e+00
0.000000000000000000e+00
0.000000000000000000e+00
0.000000000000000000e+00
0.000000000000000000e+00
0.000000000000000000e+00
0.000000000000000000e+00
0.000000000000000000e+00
0.000000000000000000e+00
0.000000000000000000e+00
0.000000000000000000e+00
0.000000000000000000e+00
0.000000000000000000e+00
0.000000000000000000e+00
0.000000000000000000e+00
0.000000000000000000e+00
0.000000000000000000e+00
0.000000000000000000e+00
0.000000000000000000e+00
2.819137057223308447e-16
-1.292338731048031388e-16
-1.344331289952261894e-16
0.000000000000000000e+00
0.000000000000000000e+00
0.000000000000000000e+00
0.000000000000000000e+00
0.000000000000000000e+00
0.000000000000000000e+00
7.025679990280010058e-32
0.000000000000000000e+00
0.000000000000000000e+00
7.025679990280011153e-32
0.000000000000000000e+00
7.025679990280011153e-32
0.000000000000000000e+00
0.000000000000000000e+00
0.000000000000000000e+00
0.000000000000000000e+00
0.000000000000000000e+00
0.000000000000000000e+00
0.000000000000000000e+00
0.000000000000000000e+00
0.000000000000000000e+00
0.000000000000000000e+00
0.000000000000000000e+00
0.000000000000000000e+00
0.000000000000000000e+00
0.000000000000000000e+00
0.000000000000000000e+00
2.819137057223308447e-16
-1.292338731048031388e-16
-1.344331289952261894e-16
0.000000000000000000e+00
0.000000000000000000e+00
0.000000000000000000e+00
0.000000000000000000e+00
0.000000000000000000e+00
0.000000000000000000e+00
7.025679990280010058e-32
0.000000000000000000e+00
0.000000000000000000e+00
7.025679990280011153e-32
0.000000000000000000e+00
7.025679990280011153e-32
