2.001086363762628828e+00
1.023438569337481452e-02
8.316940989500094805e-03
0.000000000000000000e+00
0.000000000000000000e+00
0.000000000000000000e+00
0.000000000000000000e+00
0.000000000000000000e+00
0.000000000000000000e+00
-2.815036065618253566e-16
0.000000000000000000e+00
0.000000000000000000e+00
-2.815036065618253073e-16
0.000000000000000000e+00
-2.815036065618253566e-16
1.023438569337481452e-02
5.605217022103093916e-01
5.839655067800084698e-01
0.000000000000000000e+00
0.000000000000000000e+00
0.000000000000000000e+00
0.000000000000000000e+00
0.000000000000000000e+00
0.000000000000000000e+00
1.214915039730427625e-15
0.000000000000000000e+00
0.000000000000000000e+00
1.214915039730427231e-15
0.000000000000000000e+00
1.214915039730427428e-15
8.316940989500094805e-03
5.839655067800084698e-01
6.083925972652477476e-01
0.000000000000000000e+00
0.000000000000000000e+00
0.000000000000000000e+00
0.000000000000000000e+00
0.000000000000000000e+00
0.000000000000000000e+00
1.266084815097412466e-15
0.000000000000000000e+00
0.000000000000000000e+00
1.266084815097412071e-15
0.000000000000000000e+00
1.266084815097412268e-15
0.000000000000000000e+00
0.000000000000000000e+00
0.000000000000000000e+00
3.660595957353269814e-01
0.000000000000000000e+00
0.000000000000000000e+00
3.271206998572755431e-01
0.000000000000000000e+00
0.000000000000000000e+00
0.000000000000000000e+00
0.000000000000000000e+00
0.000000000000000000e+00
0.000000000000000000e+00
0.000000000000000000e+00
0.000000000000000000e+00
0.000000000000000000e+00
0.000000000000000000e+00
0.000000000000000000e+00
0.000000000000000000e+00
3.660595957353269814e-01
0.000000000000000000e+00
0.000000000000000000e+00
3.271206998572755431e-01
0.000000000000000000e+00
0.000000000000000000e+00
0.000000000000000000e+00
0.000000000000000000e+00
0.000000000000000000e+00
0.000000000000000000e+00
0.000000000000000000e+00
0.000000000000000000e+00
0.000000000000000000e+00
0.000000000000000000e+00
0.000000000000000000e+00
0.000000000000000000e+00
3.660595957353269814e-01
0.000000000000000000e+00
0.000000000000000000e+00
3.271206998572755431e-01
0.000000000000000000e+00
0.000000000000000000e+00
0.000000000000000000e+00
0.000000000000000000e+00
0.000000000000000000e+00
0.000000000000000000e+00
0.000000000000000000e+00
0.000000000000000000e+00
0.000000000000000000e+00
3.271206998572755431e-01
0.000000000000000000e+00
0.000000000000000000e+00
2.923238552459200834e-01
0.000000000000000000e+00
0.000000000000000000e+00
0.000000000000000000e+00
0.000000000000000000e+00
0.000000000000000000e+00
0.000000000000000000e+00
0.000000000000000000e+00
0.000000000000000000e+00
0.000000000000000000e+00
0.000000000000000000e+00
0.000000000000000000e+00
0.000000000000000000e+00
3.271206998572755431e-01
0.000000000000000000e+00
0.000000000000000000e+00
2.923238552459200834e-01
0.000000000000000000e+00
0.000000000000000000e+00
0.000000000000000000e+00
0.000000000000000000e+00
0.000000000000000000e+00
0.000000000000000000e+00
0.000000000000000000e+00
0.000000000000000000e+00
0.000000000000000000e+00
0.000000000000000000e+00
0.000000000000000000e+00
0.000000000000000000e+00
3.271206998572755431e-01
0.000000000000000000e+00
0.000000000000000000e+00
2.923238552459200834e-01
0.000000000000000000e+00
0.000000000000000000e+00
0.000000000000000000e+00
0.000000000000000000e+00
0.000000000000000000e+00
0.000000000000000000e+00
-2.815036065618253566e-16
1.214915039730427625e-15
1.266084815097412466e-15
0.000000000000000000e+00
0.000000000000000000e+00
0.000000000000000000e+00
0.000000000000000000e+00
0.000000000000000000e+00
0.000000000000000000e+00
2.679386181123170350e-30
0.000000000000000000e+00
0.000000000000000000e+00
2.679386181123169650e-30
0.000000000000000000e+00
2.679386181123170000e-30
0.000000000000000000e+00
0.000000000000000000e+00
0.000000000000000000e+00
0.000000000000000000e+00
0.000000000000000000e+00
0.000000000000000000e+00
0.000000000000000000e+00
0.000000000000000000e+00
0.000000000000000000e+00
0.000000000000000000e+00
0.000000000000000000e+00
0.000000000000000000e+00
0.000000000000000000e+00
0.000000000000000000e+00
0.000000000000000000e+00
0.000000000000000000e+00
0.000000000000000000e+00
0.000000000000000000e+00
0.000000000000000000e+00
0.000000000000000000e+00
0.000000000000000000e+00
0.000000000000000000e+00
0.000000000000000000e+00
0.000000000000000000e+00
0.000000000000000000e+00
0.000000000000000000e+00
0.000000000000000000e+00
0.000000000000000000e+00
0.000000000000000000e+00
0.000000000000000000e+00
-2.815036065618253073e-16
1.214915039730427231e-15
1.266084815097412071e-15
0.000000000000000000e+00
0.000000000000000000e+00
0.000000000000000000e+00
0.000000000000000000e+00
0.000000000000000000e+00
0.000000000000000000e+00
2.679386181123169650e-30
0.000000000000000000e+00
0.000000000000000000e+00
2.679386181123168599e-30
0.000000000000000000e+00
2.679386181123168949e-30
0.000000000000000000e+00
0.000000000000000000e+00
0.000000000000000000e+00
0.000000000000000000e+00
0.000000000000000000e+00
0.000000000000000000e+00
0.000000000000000000e+00
0.000000000000000000e+00
0.000000000000000000e+00
0.000000000000000000e+00
0.000000000000000000e+00
0.000000000000000000e+00
0.000000000000000000e+00
0.000000000000000000e+00
0.000000000000000000e+00
-2.815036065618253566e-16
1.214915039730427428e-15
1.266084815097412268e-15
0.000000000000000000e+00
0.000000000000000000e+00
0.000000000000000000e+00
0.000000000000000000e+00
0.000000000000000000e+00
0.000000000000000000e+00
2.679386181123170000e-30
0.000000000000000000e+00
0.000000000000000000e+00
2.679386181123168949e-30
0.000000000000000000e+00
2.679386181123169650e-30
