2.001271183300363354e+00
5.841383217050638219e-03
3.074250402308977524e-03
0.000000000000000000e+00
0.000000000000000000e+00
0.000000000000000000e+00
0.000000000000000000e+00
0.000000000000000000e+00
0.000000000000000000e+00
3.657270535527739927e-16
0.000000000000000000e+00
0.000000000000000000e+00
3.657270535527739434e-16
0.000000000000000000e+00
3.657270535527740420e-16
5.841383217050638219e-03
5.511033255745766413e-01
5.846819350381680103e-01
0.000000000000000000e+00
0.000000000000000000e+00
0.000000000000000000e+00
0.000000000000000000e+00
0.000000000000000000e+00
0.000000000000000000e+00
9.120735255632269690e-16
0.000000000000000000e+00
0.000000000000000000e+00
9.120735255632267717e-16
0.000000000000000000e+00
9.120735255632271662e-16
3.074250402308977524e-03
5.846819350381680103e-01
6.203113558631827562e-01
0.000000000000000000e+00
0.000000000000000000e+00
0.000000000000000000e+00
0.000000000000000000e+00
0.000000000000000000e+00
0.000000000000000000e+00
9.670903137667197542e-16
0.000000000000000000e+00
0.000000000000000000e+00
9.670903137667195570e-16
0.000000000000000000e+00
9.670903137667199515e-16
0.000000000000000000e+00
0.000000000000000000e+00
0.000000000000000000e+00
5.660182437426285462e-01
0.000000000000000000e+00
0.000000000000000000e+00
4.337782504036178377e-01
0.000000000000000000e+00
0.000000000000000000e+00
0.000000000000000000e+00
0.000000000000000000e+00
0.000000000000000000e+00
0.000000000000000000e+00
0.000000000000000000e+00
0.000000000000000000e+00
0.000000000000000000e+00
0.000000000000000000e+00
0.000000000000000000e+00
0.000000000000000000e+00
5.660182437426285462e-01
0.000000000000000000e+00
0.000000000000000000e+00
4.337782504036178377e-01
0.000000000000000000e+00
0.000000000000000000e+00
0.000000000000000000e+00
0.000000000000000000e+00
0.000000000000000000e+00
0.000000000000000000e+00
0.000000000000000000e+00
0.000000000000000000e+00
0.000000000000000000e+00
0.000000000000000000e+00
0.000000000000000000e+00
0.000000000000000000e+00
5.660182437426285462e-01
0.000000000000000000e+00
0.000000000000000000e+00
4.337782504036178377e-01
0.000000000000000000e+00
0.000000000000000000e+00
0.000000000000000000e+00
0.000000000000000000e+00
0.000000000000000000e+00
0.000000000000000000e+00
0.000000000000000000e+00
0.000000000000000000e+00
0.000000000000000000e+00
4.337782504036177822e-01
0.000000000000000000e+00
0.000000000000000000e+00
3.324337556313515796e-01
0.000000000000000000e+00
0.000000000000000000e+00
0.000000000000000000e+00
0.000000000000000000e+00
0.000000000000000000e+00
0.000000000000000000e+00
0.000000000000000000e+00
0.000000000000000000e+00
0.000000000000000000e+00
0.000000000000000000e+00
0.000000000000000000e+00
0.000000000000000000e+00
4.337782504036177822e-01
0.000000000000000000e+00
0.000000000000000000e+00
3.324337556313515796e-01
0.000000000000000000e+00
0.000000000000000000e+00
0.000000000000000000e+00
0.000000000000000000e+00
0.000000000000000000e+00
0.000000000000000000e+00
0.000000000000000000e+00
0.000000000000000000e+00
0.000000000000000000e+00
0.000000000000000000e+00
0.000000000000000000e+00
0.000000000000000000e+00
4.337782504036177822e-01
0.000000000000000000e+00
0.000000000000000000e+00
3.324337556313515796e-01
0.000000000000000000e+00
0.000000000000000000e+00
0.000000000000000000e+00
0.000000000000000000e+00
0.000000000000000000e+00
0.000000000000000000e+00
3.657270535527739927e-16
9.120735255632269690e-16
9.670903137667197542e-16
0.000000000000000000e+00
0.000000000000000000e+00
0.000000000000000000e+00
0.000000000000000000e+00
0.000000000000000000e+00
0.000000000000000000e+00
1.572828495207925992e-30
0.000000000000000000e+00
0.000000000000000000e+00
1.572828495207925642e-30
0.000000000000000000e+00
1.572828495207926343e-30
0.000000000000000000e+00
0.000000000000000000e+00
0.000000000000000000e+00
0.000000000000000000e+00
0.000000000000000000e+00
0.000000000000000000e+00
0.000000000000000000e+00
0.000000000000000000e+00
0.000000000000000000e+00
0.000000000000000000e+00
0.000000000000000000e+00
0.000000000000000000e+00
0.000000000000000000e+00
0.000000000000000000e+00
0.000000000000000000e+00
0.000000000000000000e+00
0.000000000000000000e+00
0.000000000000000000e+00
0.000000000000000000e+00
0.000000000000000000e+00
0.000000000000000000e+00
0.000000000000000000e+00
0.000000000000000000e+00
0.000000000000000000e+00
0.000000000000000000e+00
0.000000000000000000e+00
0.000000000000000000e+00
0.000000000000000000e+00
0.000000000000000000e+00
0.000000000000000000e+00
3.657270535527739434e-16
9.120735255632267717e-16
9.670903137667195570e-16
0.000000000000000000e+00
0.000000000000000000e+00
0.000000000000000000e+00
0.000000000000000000e+00
0.000000000000000000e+00
0.000000000000000000e+00
1.572828495207925642e-30
0.000000000000000000e+00
0.000000000000000000e+00
1.572828495207925292e-30
0.000000000000000000e+00
1.572828495207925992e-30
0.000000000000000000e+00
0.000000000000000000e+00
0.000000000000000000e+00
0.000000000000000000e+00
0.000000000000000000e+00
0.000000000000000000e+00
0.000000000000000000e+00
0.000000000000000000e+00
0.000000000000000000e+00
0.000000000000000000e+00
0.000000000000000000e+00
0.000000000000000000e+00
0.000000000000000000e+00
0.000000000000000000e+00
0.000000000000000000e+00
3.657270535527740420e-16
9.120735255632271662e-16
9.670903137667199515e-16
0.000000000000000000e+00
0.000000000000000000e+00
0.000000000000000000e+00
0.000000000000000000e+00
0.000000000000000000e+00
0.000000000000000000e+00
1.572828495207926343e-30
0.000000000000000000e+00
0.000000000000000000e+00
1.572828495207925992e-30
0.000000000000000000e+00
1.572828495207926693e-30
