2.000060798764998982e+00
-5.368604211039908496e-05
1.802619629034569104e-03
9.991835028092899227e-04
0.000000000000000000e+00
0.000000000000000000e+00
0.000000000000000000e+00
0.000000000000000000e+00
0.000000000000000000e+00
0.000000000000000000e+00
0.000000000000000000e+00
0.000000000000000000e+00
0.000000000000000000e+00
-2.119001686248319047e-16
0.000000000000000000e+00
0.000000000000000000e+00
-2.119001686248318800e-16
0.000000000000000000e+00
-2.119001686248319293e-16
-5.368604211039908496e-05
2.010453357596665214e+00
1.228306507368889453e-02
-5.204481767997025735e-03
0.000000000000000000e+00
0.000000000000000000e+00
0.000000000000000000e+00
0.000000000000000000e+00
0.000000000000000000e+00
0.000000000000000000e+00
0.000000000000000000e+00
0.000000000000000000e+00
0.000000000000000000e+00
1.440191858637079590e-15
0.000000000000000000e+00
0.000000000000000000e+00
1.440191858637079392e-15
0.000000000000000000e+00
1.440191858637079984e-15
1.802619629034569104e-03
1.228306507368889453e-02
6.300500982789567495e-01
5.966923429744931395e-01
0.000000000000000000e+00
0.000000000000000000e+00
0.000000000000000000e+00
0.000000000000000000e+00
0.000000000000000000e+00
0.000000000000000000e+00
0.000000000000000000e+00
0.000000000000000000e+00
0.000000000000000000e+00
1.089269862307855841e-15
0.000000000000000000e+00
0.000000000000000000e+00
1.089269862307855841e-15
0.000000000000000000e+00
1.089269862307856038e-15
9.991835028092899227e-04
-5.204481767997025735e-03
5.966923429744931395e-01
5.652419779469638472e-01
0.000000000000000000e+00
0.000000000000000000e+00
0.000000000000000000e+00
0.000000000000000000e+00
0.000000000000000000e+00
0.000000000000000000e+00
0.000000000000000000e+00
0.000000000000000000e+00
0.000000000000000000e+00
1.019790122101197413e-15
0.000000000000000000e+00
0.000000000000000000e+00
1.019790122101197413e-15
0.000000000000000000e+00
1.019790122101197610e-15
0.000000000000000000e+00
0.000000000000000000e+00
0.000000000000000000e+00
0.000000000000000000e+00
2.000591447816191248e+00
0.000000000000000000e+00
0.000000000000000000e+00
-8.063247405329689033e-03
0.000000000000000000e+00
0.000000000000000000e+00
-1.254931025805610181e-02
0.000000000000000000e+00
0.000000000000000000e+00
0.000000000000000000e+00
0.000000000000000000e+00
0.000000000000000000e+00
0.000000000000000000e+00
0.000000000000000000e+00
0.000000000000000000e+00
0.000000000000000000e+00
0.000000000000000000e+00
0.000000000000000000e+00
0.000000000000000000e+00
0.000000000000000000e+00
2.000591447816191248e+00
0.000000000000000000e+00
0.000000000000000000e+00
-8.063247405329689033e-03
0.000000000000000000e+00
0.000000000000000000e+00
-1.254931025805610181e-02
0.000000000000000000e+00
0.000000000000000000e+00
0.000000000000000000e+00
0.000000000000000000e+00
0.000000000000000000e+00
0.000000000000000000e+00
0.000000000000000000e+00
0.000000000000000000e+00
0.000000000000000000e+00
0.000000000000000000e+00
0.000000000000000000e+00
0.000000000000000000e+00
0.000000000000000000e+00
2.000591447816191248e+00
0.000000000000000000e+00
0.000000000000000000e+00
-8.063247405329689033e-03
0.000000000000000000e+00
0.000000000000000000e+00
-1.254931025805610181e-02
0.000000000000000000e+00
0.000000000000000000e+00
0.000000000000000000e+00
0.000000000000000000e+00
0.000000000000000000e+00
0.000000000000000000e+00
0.000000000000000000e+00
0.000000000000000000e+00
0.000000000000000000e+00
0.000000000000000000e+00
-8.063247405329689033e-03
0.000000000000000000e+00
0.000000000000000000e+00
2.170932449307136636e-01
0.000000000000000000e+00
0.000000000000000000e+00
2.975305665466737581e-01
0.000000000000000000e+00
0.000000000000000000e+00
0.000000000000000000e+00
0.000000000000000000e+00
0.000000000000000000e+00
0.000000000000000000e+00
0.000000000000000000e+00
0.000000000000000000e+00
0.000000000000000000e+00
0.000000000000000000e+00
0.000000000000000000e+00
0.000000000000000000e+00
0.000000000000000000e+00
-8.063247405329689033e-03
0.000000000000000000e+00
0.000000000000000000e+00
2.170932449307136636e-01
0.000000000000000000e+00
0.000000000000000000e+00
2.975305665466737581e-01
0.000000000000000000e+00
0.000000000000000000e+00
0.000000000000000000e+00
0.000000000000000000e+00
0.000000000000000000e+00
0.000000000000000000e+00
0.000000000000000000e+00
0.000000000000000000e+00
0.000000000000000000e+00
0.000000000000000000e+00
0.000000000000000000e+00
0.000000000000000000e+00
0.000000000000000000e+00
-8.063247405329689033e-03
0.000000000000000000e+00
0.000000000000000000e+00
2.170932449307136636e-01
0.000000000000000000e+00
0.000000000000000000e+00
2.975305665466737581e-01
0.000000000000000000e+00
0.000000000000000000e+00
0.000000000000000000e+00
0.000000000000000000e+00
0.000000000000000000e+00
0.000000000000000000e+00
0.000000000000000000e+00
0.000000000000000000e+00
0.000000000000000000e+00
0.000000000000000000e+00
-1.254931025805610181e-02
0.000000000000000000e+00
0.000000000000000000e+00
2.975305665466737581e-01
0.000000000000000000e+00
0.000000000000000000e+00
4.077726221029628895e-01
0.000000000000000000e+00
0.000000000000000000e+00
0.000000000000000000e+00
0.000000000000000000e+00
0.000000000000000000e+00
0.000000000000000000e+00
0.000000000000000000e+00
0.000000000000000000e+00
0.000000000000000000e+00
0.000000000000000000e+00
0.000000000000000000e+00
0.000000000000000000e+00
0.000000000000000000e+00
-1.254931025805610181e-02
0.000000000000000000e+00
0.000000000000000000e+00
2.975305665466737581e-01
0.000000000000000000e+00
0.000000000000000000e+00
4.077726221029628895e-01
0.000000000000000000e+00
0.000000000000000000e+00
0.000000000000000000e+00
0.000000000000000000e+00
0.000000000000000000e+00
0.000000000000000000e+00
0.000000000000000000e+00
0.000000000000000000e+00
0.000000000000000000e+00
0.000000000000000000e+00
0.000000000000000000e+00
0.000000000000000000e+00
0.000000000000000000e+00
-1.254931025805610181e-02
0.000000000000000000e+00
0.000000000000000000e+00
2.975305665466737581e-01
0.000000000000000000e+00
0.000000000000000000e+00
4.077726221029628895e-01
0.000000000000000000e+00
0.000000000000000000e+00
0.000000000000000000e+00
0.000000000000000000e+00
0.000000000000000000e+00
0.000000000000000000e+00
-2.119001686248319047e-16
1.440191858637079590e-15
1.089269862307855841e-15
1.019790122101197413e-15
0.000000000000000000e+00
0.000000000000000000e+00
0.000000000000000000e+00
0.000000000000000000e+00
0.000000000000000000e+00
0.000000000000000000e+00
0.000000000000000000e+00
0.000000000000000000e+00
0.000000000000000000e+00
2.907902672957749211e-30
0.000000000000000000e+00
0.000000000000000000e+00
2.907902672957749211e-30
0.000000000000000000e+00
2.907902672957749912e-30
0.000000000000000000e+00
0.000000000000000000e+00
0.000000000000000000e+00
0.000000000000000000e+00
0.000000000000000000e+00
0.000000000000000000e+00
0.000000000000000000e+00
0.000000000000000000e+00
0.000000000000000000e+00
0.000000000000000000e+00
0.000000000000000000e+00
0.000000000000000000e+00
0.000000000000000000e+00
0.000000000000000000e+00
0.000000000000000000e+00
0.000000000000000000e+00
0.000000000000000000e+00
0.000000000000000000e+00
0.000000000000000000e+00
0.000000000000000000e+00
0.000000000000000000e+00
0.000000000000000000e+00
0.000000000000000000e+00
0.000000000000000000e+00
0.000000000000000000e+00
0.000000000000000000e+00
0.000000000000000000e+00
0.000000000000000000e+00
0.000000000000000000e+00
0.000000000000000000e+00
0.000000000000000000e+00
0.000000000000000000e+00
0.000000000000000000e+00
0.000000000000000000e+00
0.000000000000000000e+00
0.000000000000000000e+00
0.000000000000000000e+00
0.000000000000000000e+00
-2.119001686248318800e-16
1.440191858637079392e-15
1.089269862307855841e-15
1.019790122101197413e-15
0.000000000000000000e+00
0.000000000000000000e+00
0.000000000000000000e+00
0.000000000000000000e+00
0.000000000000000000e+00
0.000000000000000000e+00
0.000000000000000000e+00
0.000000000000000000e+00
0.000000000000000000e+00
2.907902672957749211e-30
0.000000000000000000e+00
0.000000000000000000e+00
2.907902672957749211e-30
0.000000000000000000e+00
2.907902672957749912e-30
0.000000000000000000e+00
0.000000000000000000e+00
0.000000000000000000e+00
0.000000000000000000e+00
0.000000000000000000e+00
0.000000000000000000e+00
0.000000000000000000e+00
0.000000000000000000e+00
0.000000000000000000e+00
0.000000000000000000e+00
0.000000000000000000e+00
0.000000000000000000e+00
0.000000000000000000e+00
0.000000000000000000e+00
0.000000000000000000e+00
0.000000000000000000e+00
0.000000000000000000e+00
0.000000000000000000e+00
0.000000000000000000e+00
-2.119001686248319293e-16
1.440191858637079984e-15
1.089269862307856038e-15
1.019790122101197610e-15
0.000000000000000000e+00
0.000000000000000000e+00
0.000000000000000000e+00
0.000000000000000000e+00
0.000000000000000000e+00
0.000000000000000000e+00
0.000000000000000000e+00
0.000000000000000000e+00
0.000000000000000000e+00
2.907902672957749912e-30
0.000000000000000000e+00
0.000000000000000000e+00
2.907902672957749912e-30
0.000000000000000000e+00
2.907902672957750612e-30
