2.000067908478539547e+00
-5.463304286740693408e-05
1.171956503941751866e-03
3.788692506831799374e-04
0.000000000000000000e+00
0.000000000000000000e+00
0.000000000000000000e+00
0.000000000000000000e+00
0.000000000000000000e+00
0.000000000000000000e+00
0.000000000000000000e+00
0.000000000000000000e+00
0.000000000000000000e+00
1.176909553527367340e-16
0.000000000000000000e+00
0.000000000000000000e+00
1.176909553527367093e-16
0.000000000000000000e+00
1.176909553527367340e-16
-5.463304286740693408e-05
2.010962475611010269e+00
7.616519860076887728e-03
-9.618705773809467854e-03
0.000000000000000000e+00
0.000000000000000000e+00
0.000000000000000000e+00
0.000000000000000000e+00
0.000000000000000000e+00
0.000000000000000000e+00
0.000000000000000000e+00
0.000000000000000000e+00
0.000000000000000000e+00
-4.275358134565207548e-18
0.000000000000000000e+00
0.000000000000000000e+00
-4.275358134565210630e-18
0.000000000000000000e+00
-4.275358134565209089e-18
1.171956503941751866e-03
7.616519860076887728e-03
6.158749998348821419e-01
6.046010392754745943e-01
0.000000000000000000e+00
0.000000000000000000e+00
0.000000000000000000e+00
0.000000000000000000e+00
0.000000000000000000e+00
0.000000000000000000e+00
0.000000000000000000e+00
0.000000000000000000e+00
0.000000000000000000e+00
9.015051803567558460e-16
0.000000000000000000e+00
0.000000000000000000e+00
9.015051803567556488e-16
0.000000000000000000e+00
9.015051803567558460e-16
3.788692506831799374e-04
-9.618705773809467854e-03
6.046010392754745943e-01
5.936790968504065402e-01
0.000000000000000000e+00
0.000000000000000000e+00
0.000000000000000000e+00
0.000000000000000000e+00
0.000000000000000000e+00
0.000000000000000000e+00
0.000000000000000000e+00
0.000000000000000000e+00
0.000000000000000000e+00
8.850889431232411796e-16
0.000000000000000000e+00
0.000000000000000000e+00
8.850889431232407851e-16
0.000000000000000000e+00
8.850889431232410810e-16
0.000000000000000000e+00
0.000000000000000000e+00
0.000000000000000000e+00
0.000000000000000000e+00
1.999814477229603149e+00
0.000000000000000000e+00
0.000000000000000000e+00
-5.991993113651639460e-03
0.000000000000000000e+00
0.000000000000000000e+00
-4.905358142380416772e-03
0.000000000000000000e+00
0.000000000000000000e+00
0.000000000000000000e+00
0.000000000000000000e+00
0.000000000000000000e+00
0.000000000000000000e+00
0.000000000000000000e+00
0.000000000000000000e+00
0.000000000000000000e+00
0.000000000000000000e+00
0.000000000000000000e+00
0.000000000000000000e+00
0.000000000000000000e+00
1.999814477229603149e+00
0.000000000000000000e+00
0.000000000000000000e+00
-5.991993113651639460e-03
0.000000000000000000e+00
0.000000000000000000e+00
-4.905358142380416772e-03
0.000000000000000000e+00
0.000000000000000000e+00
0.000000000000000000e+00
0.000000000000000000e+00
0.000000000000000000e+00
0.000000000000000000e+00
0.000000000000000000e+00
0.000000000000000000e+00
0.000000000000000000e+00
0.000000000000000000e+00
0.000000000000000000e+00
0.000000000000000000e+00
0.000000000000000000e+00
1.999814477229603149e+00
0.000000000000000000e+00
0.000000000000000000e+00
-5.991993113651639460e-03
0.000000000000000000e+00
0.000000000000000000e+00
-4.905358142380416772e-03
0.000000000000000000e+00
0.000000000000000000e+00
0.000000000000000000e+00
0.000000000000000000e+00
0.000000000000000000e+00
0.000000000000000000e+00
0.000000000000000000e+00
0.000000000000000000e+00
0.000000000000000000e+00
0.000000000000000000e+00
-5.991993113651639460e-03
0.000000000000000000e+00
0.000000000000000000e+00
3.894735098651334049e-01
0.000000000000000000e+00
0.000000000000000000e+00
4.114334357287028343e-01
0.000000000000000000e+00
0.000000000000000000e+00
0.000000000000000000e+00
0.000000000000000000e+00
0.000000000000000000e+00
0.000000000000000000e+00
0.000000000000000000e+00
0.000000000000000000e+00
0.000000000000000000e+00
0.000000000000000000e+00
0.000000000000000000e+00
0.000000000000000000e+00
0.000000000000000000e+00
-5.991993113651639460e-03
0.000000000000000000e+00
0.000000000000000000e+00
3.894735098651334049e-01
0.000000000000000000e+00
0.000000000000000000e+00
4.114334357287028343e-01
0.000000000000000000e+00
0.000000000000000000e+00
0.000000000000000000e+00
0.000000000000000000e+00
0.000000000000000000e+00
0.000000000000000000e+00
0.000000000000000000e+00
0.000000000000000000e+00
0.000000000000000000e+00
0.000000000000000000e+00
0.000000000000000000e+00
0.000000000000000000e+00
0.000000000000000000e+00
-5.991993113651639460e-03
0.000000000000000000e+00
0.000000000000000000e+00
3.894735098651334049e-01
0.000000000000000000e+00
0.000000000000000000e+00
4.114334357287028343e-01
0.000000000000000000e+00
0.000000000000000000e+00
0.000000000000000000e+00
0.000000000000000000e+00
0.000000000000000000e+00
0.000000000000000000e+00
0.000000000000000000e+00
0.000000000000000000e+00
0.000000000000000000e+00
0.000000000000000000e+00
-4.905358142380416772e-03
0.000000000000000000e+00
0.000000000000000000e+00
4.114334357287028343e-01
0.000000000000000000e+00
0.000000000000000000e+00
4.346325563982345597e-01
0.000000000000000000e+00
0.000000000000000000e+00
0.000000000000000000e+00
0.000000000000000000e+00
0.000000000000000000e+00
0.000000000000000000e+00
0.000000000000000000e+00
0.000000000000000000e+00
0.000000000000000000e+00
0.000000000000000000e+00
0.000000000000000000e+00
0.000000000000000000e+00
0.000000000000000000e+00
-4.905358142380416772e-03
0.000000000000000000e+00
0.000000000000000000e+00
4.114334357287028343e-01
0.000000000000000000e+00
0.000000000000000000e+00
4.346325563982345597e-01
0.000000000000000000e+00
0.000000000000000000e+00
0.000000000000000000e+00
0.000000000000000000e+00
0.000000000000000000e+00
0.000000000000000000e+00
0.000000000000000000e+00
0.000000000000000000e+00
0.000000000000000000e+00
0.000000000000000000e+00
0.000000000000000000e+00
0.000000000000000000e+00
0.000000000000000000e+00
-4.905358142380416772e-03
0.000000000000000000e+00
0.000000000000000000e+00
4.114334357287028343e-01
0.000000000000000000e+00
0.000000000000000000e+00
4.346325563982345597e-01
0.000000000000000000e+00
0.000000000000000000e+00
0.000000000000000000e+00
0.000000000000000000e+00
0.000000000000000000e+00
0.000000000000000000e+00
1.176909553527367340e-16
-4.275358134565207548e-18
9.015051803567558460e-16
8.850889431232411796e-16
0.000000000000000000e+00
0.000000000000000000e+00
0.000000000000000000e+00
0.000000000000000000e+00
0.000000000000000000e+00
0.000000000000000000e+00
0.000000000000000000e+00
0.000000000000000000e+00
0.000000000000000000e+00
1.326447957860648765e-30
0.000000000000000000e+00
0.000000000000000000e+00
1.326447957860648239e-30
0.000000000000000000e+00
1.326447957860648590e-30
0.000000000000000000e+00
0.000000000000000000e+00
0.000000000000000000e+00
0.000000000000000000e+00
0.000000000000000000e+00
0.000000000000000000e+00
0.000000000000000000e+00
0.000000000000000000e+00
0.000000000000000000e+00
0.000000000000000000e+00
0.000000000000000000e+00
0.000000000000000000e+00
0.000000000000000000e+00
0.000000000000000000e+00
0.000000000000000000e+00
0.000000000000000000e+00
0.000000000000000000e+00
0.000000000000000000e+00
0.000000000000000000e+00
0.000000000000000000e+00
0.000000000000000000e+00
0.000000000000000000e+00
0.000000000000000000e+00
0.000000000000000000e+00
0.000000000000000000e+00
0.000000000000000000e+00
0.000000000000000000e+00
0.000000000000000000e+00
0.000000000000000000e+00
0.000000000000000000e+00
0.000000000000000000e+00
0.000000000000000000e+00
0.000000000000000000e+00
0.000000000000000000e+00
0.000000000000000000e+00
0.000000000000000000e+00
0.000000000000000000e+00
0.000000000000000000e+00
1.176909553527367093e-16
-4.275358134565210630e-18
9.015051803567556488e-16
8.850889431232407851e-16
0.000000000000000000e+00
0.000000000000000000e+00
0.000000000000000000e+00
0.000000000000000000e+00
0.000000000000000000e+00
0.000000000000000000e+00
0.000000000000000000e+00
0.000000000000000000e+00
0.000000000000000000e+00
1.326447957860648239e-30
0.000000000000000000e+00
0.000000000000000000e+00
1.326447957860647714e-30
0.000000000000000000e+00
1.326447957860648064e-30
0.000000000000000000e+00
0.000000000000000000e+00
0.000000000000000000e+00
0.000000000000000000e+00
0.000000000000000000e+00
0.000000000000000000e+00
0.000000000000000000e+00
0.000000000000000000e+00
0.000000000000000000e+00
0.000000000000000000e+00
0.000000000000000000e+00
0.000000000000000000e+00
0.000000000000000000e+00
0.000000000000000000e+00
0.000000000000000000e+00
0.000000000000000000e+00
0.000000000000000000e+00
0.000000000000000000e+00
0.000000000000000000e+00
1.176909553527367340e-16
-4.275358134565209089e-18
9.015051803567558460e-16
8.850889431232410810e-16
0.000000000000000000e+00
0.000000000000000000e+00
0.000000000000000000e+00
0.000000000000000000e+00
0.000000000000000000e+00
0.000000000000000000e+00
0.000000000000000000e+00
0.000000000000000000e+00
0.000000000000000000e+00
1.326447957860648590e-30
0.000000000000000000e+00
0.000000000000000000e+00
1.326447957860648064e-30
0.000000000000000000e+00
1.326447957860648415e-30
