2.090665993646253273e+00
-1.899579822988979594e-01
-2.719925813744177856e-01
0.000000000000000000e+00
0.000000000000000000e+00
0.000000000000000000e+00
0.000000000000000000e+00
0.000000000000000000e+00
0.000000000000000000e+00
-1.899579822988979594e-01
4.959502527066912414e-01
5.736615083983722663e-01
0.000000000000000000e+00
0.000000000000000000e+00
0.000000000000000000e+00
0.000000000000000000e+00
0.000000000000000000e+00
0.000000000000000000e+00
-2.719925813744177856e-01
5.736615083983722663e-01
6.649034086982120728e-01
0.000000000000000000e+00
0.000000000000000000e+00
0.000000000000000000e+00
0.000000000000000000e+00
0.000000000000000000e+00
0.000000000000000000e+00
0.000000000000000000e+00
0.000000000000000000e+00
0.000000000000000000e+00
1.982954852037479565e-01
0.000000000000000000e+00
0.000000000000000000e+00
2.120438704253998774e-01
0.000000000000000000e+00
0.000000000000000000e+00
0.000000000000000000e+00
0.000000000000000000e+00
0.000000000000000000e+00
0.000000000000000000e+00
1.982954852037479565e-01
0.000000000000000000e+00
0.000000000000000000e+00
2.120438704253998774e-01
0.000000000000000000e+00
0.000000000000000000e+00
0.000000000000000000e+00
0.000000000000000000e+00
0.000000000000000000e+00
0.000000000000000000e+00
1.982954852037479565e-01
0.000000000000000000e+00
0.000000000000000000e+00
2.120438704253998774e-01
0.000000000000000000e+00
0.000000000000000000e+00
0.000000000000000000e+00
2.120438704253999052e-01
0.000000000000000000e+00
0.000000000000000000e+00
2.267454699676336727e-01
0.000000000000000000e+00
0.000000000000000000e+00
0.000000000000000000e+00
0.000000000000000000e+00
0.000000000000000000e+00
0.000000000000000000e+00
2.120438704253999052e-01
0.000000000000000000e+00
0.000000000000000000e+00
2.267454699676336727e-01
0.000000000000000000e+00
0.000000000000000000e+00
0.000000000000000000e+00
0.000000000000000000e+00
0.000000000000000000e+00
0.000000000000000000e+00
2.120438704253999052e-01
0.000000000000000000e+00
0.000000000000000000e+00
2.267454699676336727e-01
