2.088985447102595927e+00
-2.095367663780395573e-01
-2.545589568007701198e-01
0.000000000000000000e+00
0.000000000000000000e+00
0.000000000000000000e+00
0.000000000000000000e+00
0.000000000000000000e+00
0.000000000000000000e+00
-2.095367663780395573e-01
5.917685516029397297e-01
5.887249728231634949e-01
0.000000000000000000e+00
0.000000000000000000e+00
0.000000000000000000e+00
0.000000000000000000e+00
0.000000000000000000e+00
0.000000000000000000e+00
-2.545589568007701198e-01
5.887249728231634949e-01
5.867518461152503306e-01
0.000000000000000000e+00
0.000000000000000000e+00
0.000000000000000000e+00
0.000000000000000000e+00
0.000000000000000000e+00
0.000000000000000000e+00
0.000000000000000000e+00
0.000000000000000000e+00
0.000000000000000000e+00
3.783274112984373883e-01
0.000000000000000000e+00
0.000000000000000000e+00
3.267893715778252273e-01
0.000000000000000000e+00
0.000000000000000000e+00
0.000000000000000000e+00
0.000000000000000000e+00
0.000000000000000000e+00
0.000000000000000000e+00
3.783274112984373883e-01
0.000000000000000000e+00
0.000000000000000000e+00
3.267893715778252273e-01
0.000000000000000000e+00
0.000000000000000000e+00
0.000000000000000000e+00
0.000000000000000000e+00
0.000000000000000000e+00
0.000000000000000000e+00
3.783274112984373883e-01
0.000000000000000000e+00
0.000000000000000000e+00
3.267893715778252273e-01
0.000000000000000000e+00
0.000000000000000000e+00
0.000000000000000000e+00
3.267893715778252273e-01
0.000000000000000000e+00
0.000000000000000000e+00
2.822721541897194597e-01
0.000000000000000000e+00
0.000000000000000000e+00
0.000000000000000000e+00
0.000000000000000000e+00
0.000000000000000000e+00
0.000000000000000000e+00
3.267893715778252273e-01
0.000000000000000000e+00
0.000000000000000000e+00
2.822721541897194597e-01
0.000000000000000000e+00
0.000000000000000000e+00
0.000000000000000000e+00
0.000000000000000000e+00
0.000000000000000000e+00
0.000000000000000000e+00
3.267893715778252273e-01
0.000000000000000000e+00
0.000000000000000000e+00
2.822721541897194597e-01
