2.093783316021067265e+00
-2.278941633824210222e-01
-2.521828416816472851e-01
0.000000000000000000e+00
0.000000000000000000e+00
0.000000000000000000e+00
0.000000000000000000e+00
0.000000000000000000e+00
0.000000000000000000e+00
-2.278941633824210222e-01
6.489091686396845082e-01
5.928942663652457812e-01
0.000000000000000000e+00
0.000000000000000000e+00
0.000000000000000000e+00
0.000000000000000000e+00
0.000000000000000000e+00
0.000000000000000000e+00
-2.521828416816472851e-01
5.928942663652457812e-01
5.426743447150471633e-01
0.000000000000000000e+00
0.000000000000000000e+00
0.000000000000000000e+00
0.000000000000000000e+00
0.000000000000000000e+00
0.000000000000000000e+00
0.000000000000000000e+00
0.000000000000000000e+00
0.000000000000000000e+00
5.801185970579346707e-01
0.000000000000000000e+00
0.000000000000000000e+00
4.312779092110941570e-01
0.000000000000000000e+00
0.000000000000000000e+00
0.000000000000000000e+00
0.000000000000000000e+00
0.000000000000000000e+00
0.000000000000000000e+00
5.801185970579346707e-01
0.000000000000000000e+00
0.000000000000000000e+00
4.312779092110941570e-01
0.000000000000000000e+00
0.000000000000000000e+00
0.000000000000000000e+00
0.000000000000000000e+00
0.000000000000000000e+00
0.000000000000000000e+00
5.801185970579346707e-01
0.000000000000000000e+00
0.000000000000000000e+00
4.312779092110941570e-01
0.000000000000000000e+00
0.000000000000000000e+00
0.000000000000000000e+00
4.312779092110941570e-01
0.000000000000000000e+00
0.000000000000000000e+00
3.206251892574949469e-01
0.000000000000000000e+00
0.000000000000000000e+00
0.000000000000000000e+00
0.000000000000000000e+00
0.000000000000000000e+00
0.000000000000000000e+00
4.312779092110941570e-01
0.000000000000000000e+00
0.000000000000000000e+00
3.206251892574949469e-01
0.000000000000000000e+00
0.000000000000000000e+00
0.000000000000000000e+00
0.000000000000000000e+00
0.000000000000000000e+00
0.000000000000000000e+00
4.312779092110941570e-01
0.000000000000000000e+00
0.000000000000000000e+00
3.206251892574949469e-01
