2.150991719801393920e+00
-5.964833662986387397e-01
9.339425407997301032e-02
5.793529835649799398e-02
0.000000000000000000e+00
0.000000000000000000e+00
0.000000000000000000e+00
0.000000000000000000e+00
0.000000000000000000e+00
0.000000000000000000e+00
0.000000000000000000e+00
0.000000000000000000e+00
0.000000000000000000e+00
-5.964833662986387397e-01
2.359558899428825907e+00
-4.699618430991386875e-01
-2.511620796835934422e-01
0.000000000000000000e+00
0.000000000000000000e+00
0.000000000000000000e+00
0.000000000000000000e+00
0.000000000000000000e+00
0.000000000000000000e+00
0.000000000000000000e+00
0.000000000000000000e+00
0.000000000000000000e+00
9.339425407997301032e-02
-4.699618430991386875e-01
1.062154151380425793e+00
5.254363404989316200e-01
0.000000000000000000e+00
0.000000000000000000e+00
0.000000000000000000e+00
0.000000000000000000e+00
0.000000000000000000e+00
0.000000000000000000e+00
0.000000000000000000e+00
0.000000000000000000e+00
0.000000000000000000e+00
5.793529835649799398e-02
-2.511620796835934422e-01
5.254363404989316200e-01
2.601137976593316248e-01
0.000000000000000000e+00
0.000000000000000000e+00
0.000000000000000000e+00
0.000000000000000000e+00
0.000000000000000000e+00
0.000000000000000000e+00
0.000000000000000000e+00
0.000000000000000000e+00
0.000000000000000000e+00
0.000000000000000000e+00
0.000000000000000000e+00
0.000000000000000000e+00
0.000000000000000000e+00
2.031913499279547786e+00
0.000000000000000000e+00
0.000000000000000000e+00
-1.023307137300279723e-01
0.000000000000000000e+00
0.000000000000000000e+00
-1.282132591064752414e-01
0.000000000000000000e+00
0.000000000000000000e+00
0.000000000000000000e+00
0.000000000000000000e+00
0.000000000000000000e+00
0.000000000000000000e+00
0.000000000000000000e+00
2.031913499279547786e+00
0.000000000000000000e+00
0.000000000000000000e+00
-1.023307137300279723e-01
0.000000000000000000e+00
0.000000000000000000e+00
-1.282132591064752414e-01
0.000000000000000000e+00
0.000000000000000000e+00
0.000000000000000000e+00
0.000000000000000000e+00
0.000000000000000000e+00
0.000000000000000000e+00
0.000000000000000000e+00
2.031913499279547786e+00
0.000000000000000000e+00
0.000000000000000000e+00
-1.023307137300279723e-01
0.000000000000000000e+00
0.000000000000000000e+00
-1.282132591064752414e-01
0.000000000000000000e+00
0.000000000000000000e+00
0.000000000000000000e+00
0.000000000000000000e+00
-1.023307137300279723e-01
0.000000000000000000e+00
0.000000000000000000e+00
3.652164832096201907e-01
0.000000000000000000e+00
0.000000000000000000e+00
3.137916409292336728e-01
0.000000000000000000e+00
0.000000000000000000e+00
0.000000000000000000e+00
0.000000000000000000e+00
0.000000000000000000e+00
0.000000000000000000e+00
0.000000000000000000e+00
-1.023307137300279723e-01
0.000000000000000000e+00
0.000000000000000000e+00
3.652164832096201907e-01
0.000000000000000000e+00
0.000000000000000000e+00
3.137916409292336728e-01
0.000000000000000000e+00
0.000000000000000000e+00
0.000000000000000000e+00
0.000000000000000000e+00
0.000000000000000000e+00
0.000000000000000000e+00
0.000000000000000000e+00
-1.023307137300279723e-01
0.000000000000000000e+00
0.000000000000000000e+00
3.652164832096201907e-01
0.000000000000000000e+00
0.000000000000000000e+00
3.137916409292336728e-01
0.000000000000000000e+00
0.000000000000000000e+00
0.000000000000000000e+00
0.000000000000000000e+00
-1.282132591064752414e-01
0.000000000000000000e+00
0.000000000000000000e+00
3.137916409292336728e-01
0.000000000000000000e+00
0.000000000000000000e+00
2.704181329264072065e-01
0.000000000000000000e+00
0.000000000000000000e+00
0.000000000000000000e+00
0.000000000000000000e+00
0.000000000000000000e+00
0.000000000000000000e+00
0.000000000000000000e+00
-1.282132591064752414e-01
0.000000000000000000e+00
0.000000000000000000e+00
3.137916409292336728e-01
0.000000000000000000e+00
0.000000000000000000e+00
2.704181329264072065e-01
0.000000000000000000e+00
0.000000000000000000e+00
0.000000000000000000e+00
0.000000000000000000e+00
0.000000000000000000e+00
0.000000000000000000e+00
0.000000000000000000e+00
-1.282132591064752414e-01
0.000000000000000000e+00
0.000000000000000000e+00
3.137916409292336728e-01
0.000000000000000000e+00
0.000000000000000000e+00
2.704181329264072065e-01
