2.158250810902411665e+00
-6.141688418012813955e-01
1.040627524154448397e-01
5.714247266351579757e-02
0.000000000000000000e+00
0.000000000000000000e+00
0.000000000000000000e+00
0.000000000000000000e+00
0.000000000000000000e+00
0.000000000000000000e+00
0.000000000000000000e+00
0.000000000000000000e+00
0.000000000000000000e+00
-6.141688418012813955e-01
2.389268621423906502e+00
-5.209460851408299620e-01
-2.444993250068906998e-01
0.000000000000000000e+00
0.000000000000000000e+00
0.000000000000000000e+00
0.000000000000000000e+00
0.000000000000000000e+00
0.000000000000000000e+00
0.000000000000000000e+00
0.000000000000000000e+00
0.000000000000000000e+00
1.040627524154448397e-01
-5.209460851408299620e-01
1.193103616469141981e+00
4.984783310569056991e-01
0.000000000000000000e+00
0.000000000000000000e+00
0.000000000000000000e+00
0.000000000000000000e+00
0.000000000000000000e+00
0.000000000000000000e+00
0.000000000000000000e+00
0.000000000000000000e+00
0.000000000000000000e+00
5.714247266351579757e-02
-2.444993250068906998e-01
4.984783310569056991e-01
2.086193300787544391e-01
0.000000000000000000e+00
0.000000000000000000e+00
0.000000000000000000e+00
0.000000000000000000e+00
0.000000000000000000e+00
0.000000000000000000e+00
0.000000000000000000e+00
0.000000000000000000e+00
0.000000000000000000e+00
0.000000000000000000e+00
0.000000000000000000e+00
0.000000000000000000e+00
0.000000000000000000e+00
2.064336044911958545e+00
0.000000000000000000e+00
0.000000000000000000e+00
-1.959024718149398048e-01
0.000000000000000000e+00
0.000000000000000000e+00
-1.636922086761830319e-01
0.000000000000000000e+00
0.000000000000000000e+00
0.000000000000000000e+00
0.000000000000000000e+00
0.000000000000000000e+00
0.000000000000000000e+00
0.000000000000000000e+00
2.064336044911958545e+00
0.000000000000000000e+00
0.000000000000000000e+00
-1.959024718149398048e-01
0.000000000000000000e+00
0.000000000000000000e+00
-1.636922086761830319e-01
0.000000000000000000e+00
0.000000000000000000e+00
0.000000000000000000e+00
0.000000000000000000e+00
0.000000000000000000e+00
0.000000000000000000e+00
0.000000000000000000e+00
2.064336044911958545e+00
0.000000000000000000e+00
0.000000000000000000e+00
-1.959024718149398048e-01
0.000000000000000000e+00
0.000000000000000000e+00
-1.636922086761830319e-01
0.000000000000000000e+00
0.000000000000000000e+00
0.000000000000000000e+00
0.000000000000000000e+00
-1.959024718149398048e-01
0.000000000000000000e+00
0.000000000000000000e+00
6.313378378536463886e-01
0.000000000000000000e+00
0.000000000000000000e+00
4.083257945725449756e-01
0.000000000000000000e+00
0.000000000000000000e+00
0.000000000000000000e+00
0.000000000000000000e+00
0.000000000000000000e+00
0.000000000000000000e+00
0.000000000000000000e+00
-1.959024718149398048e-01
0.000000000000000000e+00
0.000000000000000000e+00
6.313378378536463886e-01
0.000000000000000000e+00
0.000000000000000000e+00
4.083257945725449756e-01
0.000000000000000000e+00
0.000000000000000000e+00
0.000000000000000000e+00
0.000000000000000000e+00
0.000000000000000000e+00
0.000000000000000000e+00
0.000000000000000000e+00
-1.959024718149398048e-01
0.000000000000000000e+00
0.000000000000000000e+00
6.313378378536463886e-01
0.000000000000000000e+00
0.000000000000000000e+00
4.083257945725449756e-01
0.000000000000000000e+00
0.000000000000000000e+00
0.000000000000000000e+00
0.000000000000000000e+00
-1.636922086761830319e-01
0.000000000000000000e+00
0.000000000000000000e+00
4.083257945725450311e-01
0.000000000000000000e+00
0.000000000000000000e+00
2.647728234564784011e-01
0.000000000000000000e+00
0.000000000000000000e+00
0.000000000000000000e+00
0.000000000000000000e+00
0.000000000000000000e+00
0.000000000000000000e+00
0.000000000000000000e+00
-1.636922086761830319e-01
0.000000000000000000e+00
0.000000000000000000e+00
4.083257945725450311e-01
0.000000000000000000e+00
0.000000000000000000e+00
2.647728234564784011e-01
0.000000000000000000e+00
0.000000000000000000e+00
0.000000000000000000e+00
0.000000000000000000e+00
0.000000000000000000e+00
0.000000000000000000e+00
0.000000000000000000e+00
-1.636922086761830319e-01
0.000000000000000000e+00
0.000000000000000000e+00
4.083257945725450311e-01
0.000000000000000000e+00
0.000000000000000000e+00
2.647728234564784011e-01
