2.090665993646253717e+00
-1.899579822988971267e-01
-2.719925813744172860e-01
0.000000000000000000e+00
0.000000000000000000e+00
0.000000000000000000e+00
0.000000000000000000e+00
0.000000000000000000e+00
0.000000000000000000e+00
-4.334161055253426706e-16
0.000000000000000000e+00
0.000000000000000000e+00
-4.409445168426339713e-16
0.000000000000000000e+00
-4.447055945217588808e-16
-1.899579822988971267e-01
4.959502527066909638e-01
5.736615083983724883e-01
0.000000000000000000e+00
0.000000000000000000e+00
0.000000000000000000e+00
0.000000000000000000e+00
0.000000000000000000e+00
0.000000000000000000e+00
-7.972075014539281958e-18
0.000000000000000000e+00
0.000000000000000000e+00
-8.110549471294890678e-18
0.000000000000000000e+00
-8.179729164922448055e-18
-2.719925813744172860e-01
5.736615083983724883e-01
6.649034086982130720e-01
0.000000000000000000e+00
0.000000000000000000e+00
0.000000000000000000e+00
0.000000000000000000e+00
0.000000000000000000e+00
0.000000000000000000e+00
2.084613592263656173e-18
0.000000000000000000e+00
0.000000000000000000e+00
2.120823203212826233e-18
0.000000000000000000e+00
2.138912963956626736e-18
0.000000000000000000e+00
0.000000000000000000e+00
0.000000000000000000e+00
1.982954852037468185e-01
0.000000000000000000e+00
0.000000000000000000e+00
2.120438704253997941e-01
0.000000000000000000e+00
0.000000000000000000e+00
0.000000000000000000e+00
0.000000000000000000e+00
0.000000000000000000e+00
0.000000000000000000e+00
0.000000000000000000e+00
0.000000000000000000e+00
0.000000000000000000e+00
0.000000000000000000e+00
0.000000000000000000e+00
0.000000000000000000e+00
1.982954852037468185e-01
0.000000000000000000e+00
0.000000000000000000e+00
2.120438704253997941e-01
0.000000000000000000e+00
0.000000000000000000e+00
0.000000000000000000e+00
0.000000000000000000e+00
0.000000000000000000e+00
0.000000000000000000e+00
0.000000000000000000e+00
0.000000000000000000e+00
0.000000000000000000e+00
0.000000000000000000e+00
0.000000000000000000e+00
0.000000000000000000e+00
1.982954852037468185e-01
0.000000000000000000e+00
0.000000000000000000e+00
2.120438704253997941e-01
0.000000000000000000e+00
0.000000000000000000e+00
0.000000000000000000e+00
0.000000000000000000e+00
0.000000000000000000e+00
0.000000000000000000e+00
0.000000000000000000e+00
0.000000000000000000e+00
0.000000000000000000e+00
2.120438704253997941e-01
0.000000000000000000e+00
0.000000000000000000e+00
2.267454699676347829e-01
0.000000000000000000e+00
0.000000000000000000e+00
0.000000000000000000e+00
0.000000000000000000e+00
0.000000000000000000e+00
0.000000000000000000e+00
0.000000000000000000e+00
0.000000000000000000e+00
0.000000000000000000e+00
0.000000000000000000e+00
0.000000000000000000e+00
0.000000000000000000e+00
2.120438704253997941e-01
0.000000000000000000e+00
0.000000000000000000e+00
2.267454699676347829e-01
0.000000000000000000e+00
0.000000000000000000e+00
0.000000000000000000e+00
0.000000000000000000e+00
0.000000000000000000e+00
0.000000000000000000e+00
0.000000000000000000e+00
0.000000000000000000e+00
0.000000000000000000e+00
0.000000000000000000e+00
0.000000000000000000e+00
0.000000000000000000e+00
2.120438704253997941e-01
0.000000000000000000e+00
0.000000000000000000e+00
2.267454699676347829e-01
0.000000000000000000e+00
0.000000000000000000e+00
0.000000000000000000e+00
0.000000000000000000e+00
0.000000000000000000e+00
0.000000000000000000e+00
-4.334161055253426706e-16
-7.972075014539281958e-18
2.084613592263656173e-18
0.000000000000000000e+00
0.000000000000000000e+00
0.000000000000000000e+00
0.000000000000000000e+00
0.000000000000000000e+00
0.000000000000000000e+00
9.453562818420990161e-32
0.000000000000000000e+00
0.000000000000000000e+00
9.617770627968491035e-32
0.000000000000000000e+00
9.699806306041578377e-32
0.000000000000000000e+00
0.000000000000000000e+00
0.000000000000000000e+00
0.000000000000000000e+00
0.000000000000000000e+00
0.000000000000000000e+00
0.000000000000000000e+00
0.000000000000000000e+00
0.000000000000000000e+00
0.000000000000000000e+00
0.000000000000000000e+00
0.000000000000000000e+00
0.000000000000000000e+00
0.000000000000000000e+00
0.000000000000000000e+00
0.000000000000000000e+00
0.000000000000000000e+00
0.000000000000000000e+00
0.000000000000000000e+00
0.000000000000000000e+00
0.000000000000000000e+00
0.000000000000000000e+00
0.000000000000000000e+00
0.000000000000000000e+00
0.000000000000000000e+00
0.000000000000000000e+00
0.000000000000000000e+00
0.000000000000000000e+00
0.000000000000000000e+00
0.000000000000000000e+00
-4.409445168426339713e-16
-8.110549471294890678e-18
2.120823203212826233e-18
0.000000000000000000e+00
0.000000000000000000e+00
0.000000000000000000e+00
0.000000000000000000e+00
0.000000000000000000e+00
0.000000000000000000e+00
9.617770627968491035e-32
0.000000000000000000e+00
0.000000000000000000e+00
9.784830717152177751e-32
0.000000000000000000e+00
9.868291349949730090e-32
0.000000000000000000e+00
0.000000000000000000e+00
0.000000000000000000e+00
0.000000000000000000e+00
0.000000000000000000e+00
0.000000000000000000e+00
0.000000000000000000e+00
0.000000000000000000e+00
0.000000000000000000e+00
0.000000000000000000e+00
0.000000000000000000e+00
0.000000000000000000e+00
0.000000000000000000e+00
0.000000000000000000e+00
0.000000000000000000e+00
-4.447055945217588808e-16
-8.179729164922448055e-18
2.138912963956626736e-18
0.000000000000000000e+00
0.000000000000000000e+00
0.000000000000000000e+00
0.000000000000000000e+00
0.000000000000000000e+00
0.000000000000000000e+00
9.699806306041578377e-32
0.000000000000000000e+00
0.000000000000000000e+00
9.868291349949730090e-32
0.000000000000000000e+00
9.952463868055091794e-32
