2.088985447102595927e+00
-2.095367663780397516e-01
-2.545589568007693981e-01
0.000000000000000000e+00
0.000000000000000000e+00
0.000000000000000000e+00
0.000000000000000000e+00
0.000000000000000000e+00
0.000000000000000000e+00
-3.569302490916931470e-17
0.000000000000000000e+00
0.000000000000000000e+00
-1.070708345514542611e-17
0.000000000000000000e+00
1.064170126343293374e-17
-2.095367663780397516e-01
5.917685516029428383e-01
5.887249728231619406e-01
0.000000000000000000e+00
0.000000000000000000e+00
0.000000000000000000e+00
0.000000000000000000e+00
0.000000000000000000e+00
0.000000000000000000e+00
3.759592167127738041e-16
0.000000000000000000e+00
0.000000000000000000e+00
3.311464627201009320e-16
0.000000000000000000e+00
2.657461513692222565e-16
-2.545589568007693981e-01
5.887249728231619406e-01
5.867518461152440024e-01
0.000000000000000000e+00
0.000000000000000000e+00
0.000000000000000000e+00
0.000000000000000000e+00
0.000000000000000000e+00
0.000000000000000000e+00
3.717963467787883190e-16
0.000000000000000000e+00
0.000000000000000000e+00
3.270054380877824750e-16
0.000000000000000000e+00
2.619828734747020832e-16
0.000000000000000000e+00
0.000000000000000000e+00
0.000000000000000000e+00
3.783274112984262860e-01
0.000000000000000000e+00
0.000000000000000000e+00
3.267893715778260599e-01
0.000000000000000000e+00
0.000000000000000000e+00
0.000000000000000000e+00
0.000000000000000000e+00
0.000000000000000000e+00
0.000000000000000000e+00
0.000000000000000000e+00
0.000000000000000000e+00
0.000000000000000000e+00
0.000000000000000000e+00
0.000000000000000000e+00
0.000000000000000000e+00
3.783274112984262860e-01
0.000000000000000000e+00
0.000000000000000000e+00
3.267893715778260599e-01
0.000000000000000000e+00
0.000000000000000000e+00
0.000000000000000000e+00
0.000000000000000000e+00
0.000000000000000000e+00
0.000000000000000000e+00
0.000000000000000000e+00
0.000000000000000000e+00
0.000000000000000000e+00
0.000000000000000000e+00
0.000000000000000000e+00
0.000000000000000000e+00
3.783274112984262860e-01
0.000000000000000000e+00
0.000000000000000000e+00
3.267893715778260599e-01
0.000000000000000000e+00
0.000000000000000000e+00
0.000000000000000000e+00
0.000000000000000000e+00
0.000000000000000000e+00
0.000000000000000000e+00
0.000000000000000000e+00
0.000000000000000000e+00
0.000000000000000000e+00
3.267893715778260599e-01
0.000000000000000000e+00
0.000000000000000000e+00
2.822721541897291186e-01
0.000000000000000000e+00
0.000000000000000000e+00
0.000000000000000000e+00
0.000000000000000000e+00
0.000000000000000000e+00
0.000000000000000000e+00
0.000000000000000000e+00
0.000000000000000000e+00
0.000000000000000000e+00
0.000000000000000000e+00
0.000000000000000000e+00
0.000000000000000000e+00
3.267893715778260599e-01
0.000000000000000000e+00
0.000000000000000000e+00
2.822721541897291186e-01
0.000000000000000000e+00
0.000000000000000000e+00
0.000000000000000000e+00
0.000000000000000000e+00
0.000000000000000000e+00
0.000000000000000000e+00
0.000000000000000000e+00
0.000000000000000000e+00
0.000000000000000000e+00
0.000000000000000000e+00
0.000000000000000000e+00
0.000000000000000000e+00
3.267893715778260599e-01
0.000000000000000000e+00
0.000000000000000000e+00
2.822721541897291186e-01
0.000000000000000000e+00
0.000000000000000000e+00
0.000000000000000000e+00
0.000000000000000000e+00
0.000000000000000000e+00
0.000000000000000000e+00
-3.569302490916931470e-17
3.759592167127738041e-16
3.717963467787883190e-16
0.000000000000000000e+00
0.000000000000000000e+00
0.000000000000000000e+00
0.000000000000000000e+00
0.000000000000000000e+00
0.000000000000000000e+00
2.435637262023927875e-31
0.000000000000000000e+00
0.000000000000000000e+00
2.155344635901634047e-31
0.000000000000000000e+00
1.738972346225025006e-31
0.000000000000000000e+00
0.000000000000000000e+00
0.000000000000000000e+00
0.000000000000000000e+00
0.000000000000000000e+00
0.000000000000000000e+00
0.000000000000000000e+00
0.000000000000000000e+00
0.000000000000000000e+00
0.000000000000000000e+00
0.000000000000000000e+00
0.000000000000000000e+00
0.000000000000000000e+00
0.000000000000000000e+00
0.000000000000000000e+00
0.000000000000000000e+00
0.000000000000000000e+00
0.000000000000000000e+00
0.000000000000000000e+00
0.000000000000000000e+00
0.000000000000000000e+00
0.000000000000000000e+00
0.000000000000000000e+00
0.000000000000000000e+00
0.000000000000000000e+00
0.000000000000000000e+00
0.000000000000000000e+00
0.000000000000000000e+00
0.000000000000000000e+00
0.000000000000000000e+00
-1.070708345514542611e-17
3.311464627201009320e-16
3.270054380877824750e-16
0.000000000000000000e+00
0.000000000000000000e+00
0.000000000000000000e+00
0.000000000000000000e+00
0.000000000000000000e+00
0.000000000000000000e+00
2.155344635901634047e-31
0.000000000000000000e+00
0.000000000000000000e+00
1.909399958819373489e-31
0.000000000000000000e+00
1.542471399973815529e-31
0.000000000000000000e+00
0.000000000000000000e+00
0.000000000000000000e+00
0.000000000000000000e+00
0.000000000000000000e+00
0.000000000000000000e+00
0.000000000000000000e+00
0.000000000000000000e+00
0.000000000000000000e+00
0.000000000000000000e+00
0.000000000000000000e+00
0.000000000000000000e+00
0.000000000000000000e+00
0.000000000000000000e+00
0.000000000000000000e+00
1.064170126343293374e-17
2.657461513692222565e-16
2.619828734747020832e-16
0.000000000000000000e+00
0.000000000000000000e+00
0.000000000000000000e+00
0.000000000000000000e+00
0.000000000000000000e+00
0.000000000000000000e+00
1.738972346225025006e-31
0.000000000000000000e+00
0.000000000000000000e+00
1.542471399973815529e-31
0.000000000000000000e+00
1.247837345110638272e-31
