2.093783316021068597e+00
-2.278941633824278501e-01
-2.521828416816426222e-01
0.000000000000000000e+00
0.000000000000000000e+00
0.000000000000000000e+00
0.000000000000000000e+00
0.000000000000000000e+00
0.000000000000000000e+00
1.699642423125249183e-16
0.000000000000000000e+00
0.000000000000000000e+00
1.497767338273622445e-16
0.000000000000000000e+00
1.198511505888553842e-16
-2.278941633824278501e-01
6.489091686397069347e-01
5.928942663652458922e-01
0.000000000000000000e+00
0.000000000000000000e+00
0.000000000000000000e+00
0.000000000000000000e+00
0.000000000000000000e+00
0.000000000000000000e+00
-4.133828798473103494e-16
0.000000000000000000e+00
0.000000000000000000e+00
-3.642833146623361947e-16
0.000000000000000000e+00
-2.914990418533681309e-16
-2.521828416816426222e-01
5.928942663652458922e-01
5.426743447150284005e-01
0.000000000000000000e+00
0.000000000000000000e+00
0.000000000000000000e+00
0.000000000000000000e+00
0.000000000000000000e+00
0.000000000000000000e+00
-3.782400785391959983e-16
0.000000000000000000e+00
0.000000000000000000e+00
-3.333146007384107819e-16
0.000000000000000000e+00
-2.667179166332273495e-16
0.000000000000000000e+00
0.000000000000000000e+00
0.000000000000000000e+00
5.801185970579428863e-01
0.000000000000000000e+00
0.000000000000000000e+00
4.312779092110924917e-01
0.000000000000000000e+00
0.000000000000000000e+00
0.000000000000000000e+00
0.000000000000000000e+00
0.000000000000000000e+00
0.000000000000000000e+00
0.000000000000000000e+00
0.000000000000000000e+00
0.000000000000000000e+00
0.000000000000000000e+00
0.000000000000000000e+00
0.000000000000000000e+00
5.801185970579428863e-01
0.000000000000000000e+00
0.000000000000000000e+00
4.312779092110924917e-01
0.000000000000000000e+00
0.000000000000000000e+00
0.000000000000000000e+00
0.000000000000000000e+00
0.000000000000000000e+00
0.000000000000000000e+00
0.000000000000000000e+00
0.000000000000000000e+00
0.000000000000000000e+00
0.000000000000000000e+00
0.000000000000000000e+00
0.000000000000000000e+00
5.801185970579428863e-01
0.000000000000000000e+00
0.000000000000000000e+00
4.312779092110924917e-01
0.000000000000000000e+00
0.000000000000000000e+00
0.000000000000000000e+00
0.000000000000000000e+00
0.000000000000000000e+00
0.000000000000000000e+00
0.000000000000000000e+00
0.000000000000000000e+00
0.000000000000000000e+00
4.312779092110924917e-01
0.000000000000000000e+00
0.000000000000000000e+00
3.206251892574880080e-01
0.000000000000000000e+00
0.000000000000000000e+00
0.000000000000000000e+00
0.000000000000000000e+00
0.000000000000000000e+00
0.000000000000000000e+00
0.000000000000000000e+00
0.000000000000000000e+00
0.000000000000000000e+00
0.000000000000000000e+00
0.000000000000000000e+00
0.000000000000000000e+00
4.312779092110924917e-01
0.000000000000000000e+00
0.000000000000000000e+00
3.206251892574880080e-01
0.000000000000000000e+00
0.000000000000000000e+00
0.000000000000000000e+00
0.000000000000000000e+00
0.000000000000000000e+00
0.000000000000000000e+00
0.000000000000000000e+00
0.000000000000000000e+00
0.000000000000000000e+00
0.000000000000000000e+00
0.000000000000000000e+00
0.000000000000000000e+00
4.312779092110924917e-01
0.000000000000000000e+00
0.000000000000000000e+00
3.206251892574880080e-01
0.000000000000000000e+00
0.000000000000000000e+00
0.000000000000000000e+00
0.000000000000000000e+00
0.000000000000000000e+00
0.000000000000000000e+00
1.699642423125249183e-16
-4.133828798473103494e-16
-3.782400785391959983e-16
0.000000000000000000e+00
0.000000000000000000e+00
0.000000000000000000e+00
0.000000000000000000e+00
0.000000000000000000e+00
0.000000000000000000e+00
2.636476394796535385e-31
0.000000000000000000e+00
0.000000000000000000e+00
2.323328824067983190e-31
0.000000000000000000e+00
1.859124749520544995e-31
0.000000000000000000e+00
0.000000000000000000e+00
0.000000000000000000e+00
0.000000000000000000e+00
0.000000000000000000e+00
0.000000000000000000e+00
0.000000000000000000e+00
0.000000000000000000e+00
0.000000000000000000e+00
0.000000000000000000e+00
0.000000000000000000e+00
0.000000000000000000e+00
0.000000000000000000e+00
0.000000000000000000e+00
0.000000000000000000e+00
0.000000000000000000e+00
0.000000000000000000e+00
0.000000000000000000e+00
0.000000000000000000e+00
0.000000000000000000e+00
0.000000000000000000e+00
0.000000000000000000e+00
0.000000000000000000e+00
0.000000000000000000e+00
0.000000000000000000e+00
0.000000000000000000e+00
0.000000000000000000e+00
0.000000000000000000e+00
0.000000000000000000e+00
0.000000000000000000e+00
1.497767338273622445e-16
-3.642833146623361947e-16
-3.333146007384107819e-16
0.000000000000000000e+00
0.000000000000000000e+00
0.000000000000000000e+00
0.000000000000000000e+00
0.000000000000000000e+00
0.000000000000000000e+00
2.323328824067983190e-31
0.000000000000000000e+00
0.000000000000000000e+00
2.047375366378611478e-31
0.000000000000000000e+00
1.638307146092460808e-31
0.000000000000000000e+00
0.000000000000000000e+00
0.000000000000000000e+00
0.000000000000000000e+00
0.000000000000000000e+00
0.000000000000000000e+00
0.000000000000000000e+00
0.000000000000000000e+00
0.000000000000000000e+00
0.000000000000000000e+00
0.000000000000000000e+00
0.000000000000000000e+00
0.000000000000000000e+00
0.000000000000000000e+00
0.000000000000000000e+00
1.198511505888553842e-16
-2.914990418533681309e-16
-2.667179166332273495e-16
0.000000000000000000e+00
0.000000000000000000e+00
0.000000000000000000e+00
0.000000000000000000e+00
0.000000000000000000e+00
0.000000000000000000e+00
1.859124749520544995e-31
0.000000000000000000e+00
0.000000000000000000e+00
1.638307146092460808e-31
0.000000000000000000e+00
1.310971280115164960e-31
