2.150991719801394364e+00
-5.964833662986380736e-01
9.339425407996881923e-02
5.793529835650126913e-02
0.000000000000000000e+00
0.000000000000000000e+00
0.000000000000000000e+00
0.000000000000000000e+00
0.000000000000000000e+00
0.000000000000000000e+00
0.000000000000000000e+00
0.000000000000000000e+00
0.000000000000000000e+00
-1.872294775912285666e-16
0.000000000000000000e+00
0.000000000000000000e+00
-1.876591918276847875e-16
0.000000000000000000e+00
-1.879750830292425388e-16
-5.964833662986380736e-01
2.359558899428825463e+00
-4.699618430991209239e-01
-2.511620796836097624e-01
0.000000000000000000e+00
0.000000000000000000e+00
0.000000000000000000e+00
0.000000000000000000e+00
0.000000000000000000e+00
0.000000000000000000e+00
0.000000000000000000e+00
0.000000000000000000e+00
0.000000000000000000e+00
-2.211039921392504628e-18
0.000000000000000000e+00
0.000000000000000000e+00
-2.216114524728576435e-18
0.000000000000000000e+00
-2.219844963260193391e-18
9.339425407996881923e-02
-4.699618430991209239e-01
1.062154151380367839e+00
5.254363404989476072e-01
0.000000000000000000e+00
0.000000000000000000e+00
0.000000000000000000e+00
0.000000000000000000e+00
0.000000000000000000e+00
0.000000000000000000e+00
0.000000000000000000e+00
0.000000000000000000e+00
0.000000000000000000e+00
6.354267119944040839e-19
0.000000000000000000e+00
0.000000000000000000e+00
6.368850929495905097e-19
0.000000000000000000e+00
6.379571768443714772e-19
5.793529835650126913e-02
-2.511620796836097624e-01
5.254363404989476072e-01
2.601137976593616563e-01
0.000000000000000000e+00
0.000000000000000000e+00
0.000000000000000000e+00
0.000000000000000000e+00
0.000000000000000000e+00
0.000000000000000000e+00
0.000000000000000000e+00
0.000000000000000000e+00
0.000000000000000000e+00
-3.183322841369046198e-19
0.000000000000000000e+00
0.000000000000000000e+00
-3.190628951292394208e-19
0.000000000000000000e+00
-3.195999813243426171e-19
0.000000000000000000e+00
0.000000000000000000e+00
0.000000000000000000e+00
0.000000000000000000e+00
2.031913499279547786e+00
0.000000000000000000e+00
0.000000000000000000e+00
-1.023307137300297209e-01
0.000000000000000000e+00
0.000000000000000000e+00
-1.282132591064743532e-01
0.000000000000000000e+00
0.000000000000000000e+00
0.000000000000000000e+00
0.000000000000000000e+00
0.000000000000000000e+00
0.000000000000000000e+00
0.000000000000000000e+00
0.000000000000000000e+00
0.000000000000000000e+00
0.000000000000000000e+00
0.000000000000000000e+00
0.000000000000000000e+00
0.000000000000000000e+00
2.031913499279547786e+00
0.000000000000000000e+00
0.000000000000000000e+00
-1.023307137300297209e-01
0.000000000000000000e+00
0.000000000000000000e+00
-1.282132591064743810e-01
0.000000000000000000e+00
0.000000000000000000e+00
0.000000000000000000e+00
0.000000000000000000e+00
0.000000000000000000e+00
0.000000000000000000e+00
0.000000000000000000e+00
0.000000000000000000e+00
0.000000000000000000e+00
0.000000000000000000e+00
0.000000000000000000e+00
0.000000000000000000e+00
0.000000000000000000e+00
2.031913499279547786e+00
0.000000000000000000e+00
0.000000000000000000e+00
-1.023307137300297209e-01
0.000000000000000000e+00
0.000000000000000000e+00
-1.282132591064743810e-01
0.000000000000000000e+00
0.000000000000000000e+00
0.000000000000000000e+00
0.000000000000000000e+00
0.000000000000000000e+00
0.000000000000000000e+00
0.000000000000000000e+00
0.000000000000000000e+00
0.000000000000000000e+00
0.000000000000000000e+00
-1.023307137300297209e-01
0.000000000000000000e+00
0.000000000000000000e+00
3.652164832096231328e-01
0.000000000000000000e+00
0.000000000000000000e+00
3.137916409292335063e-01
0.000000000000000000e+00
0.000000000000000000e+00
0.000000000000000000e+00
0.000000000000000000e+00
0.000000000000000000e+00
0.000000000000000000e+00
0.000000000000000000e+00
0.000000000000000000e+00
0.000000000000000000e+00
0.000000000000000000e+00
0.000000000000000000e+00
0.000000000000000000e+00
0.000000000000000000e+00
-1.023307137300297209e-01
0.000000000000000000e+00
0.000000000000000000e+00
3.652164832096231328e-01
0.000000000000000000e+00
0.000000000000000000e+00
3.137916409292335063e-01
0.000000000000000000e+00
0.000000000000000000e+00
0.000000000000000000e+00
0.000000000000000000e+00
0.000000000000000000e+00
0.000000000000000000e+00
0.000000000000000000e+00
0.000000000000000000e+00
0.000000000000000000e+00
0.000000000000000000e+00
0.000000000000000000e+00
0.000000000000000000e+00
0.000000000000000000e+00
-1.023307137300297209e-01
0.000000000000000000e+00
0.000000000000000000e+00
3.652164832096231328e-01
0.000000000000000000e+00
0.000000000000000000e+00
3.137916409292335063e-01
0.000000000000000000e+00
0.000000000000000000e+00
0.000000000000000000e+00
0.000000000000000000e+00
0.000000000000000000e+00
0.000000000000000000e+00
0.000000000000000000e+00
0.000000000000000000e+00
0.000000000000000000e+00
0.000000000000000000e+00
-1.282132591064743532e-01
0.000000000000000000e+00
0.000000000000000000e+00
3.137916409292335063e-01
0.000000000000000000e+00
0.000000000000000000e+00
2.704181329264046529e-01
0.000000000000000000e+00
0.000000000000000000e+00
0.000000000000000000e+00
0.000000000000000000e+00
0.000000000000000000e+00
0.000000000000000000e+00
0.000000000000000000e+00
0.000000000000000000e+00
0.000000000000000000e+00
0.000000000000000000e+00
0.000000000000000000e+00
0.000000000000000000e+00
0.000000000000000000e+00
-1.282132591064743810e-01
0.000000000000000000e+00
0.000000000000000000e+00
3.137916409292335063e-01
0.000000000000000000e+00
0.000000000000000000e+00
2.704181329264046529e-01
0.000000000000000000e+00
0.000000000000000000e+00
0.000000000000000000e+00
0.000000000000000000e+00
0.000000000000000000e+00
0.000000000000000000e+00
0.000000000000000000e+00
0.000000000000000000e+00
0.000000000000000000e+00
0.000000000000000000e+00
0.000000000000000000e+00
0.000000000000000000e+00
0.000000000000000000e+00
-1.282132591064743810e-01
0.000000000000000000e+00
0.000000000000000000e+00
3.137916409292335063e-01
0.000000000000000000e+00
0.000000000000000000e+00
2.704181329264046529e-01
0.000000000000000000e+00
0.000000000000000000e+00
0.000000000000000000e+00
0.000000000000000000e+00
0.000000000000000000e+00
0.000000000000000000e+00
-1.872294775912285666e-16
-2.211039921392504628e-18
6.354267119944040839e-19
-3.183322841369046198e-19
0.000000000000000000e+00
0.000000000000000000e+00
0.000000000000000000e+00
0.000000000000000000e+00
0.000000000000000000e+00
0.000000000000000000e+00
0.000000000000000000e+00
0.000000000000000000e+00
0.000000000000000000e+00
1.763747362920930379e-32
0.000000000000000000e+00
0.000000000000000000e+00
1.767795375878665370e-32
0.000000000000000000e+00
1.770771148074824537e-32
0.000000000000000000e+00
0.000000000000000000e+00
0.000000000000000000e+00
0.000000000000000000e+00
0.000000000000000000e+00
0.000000000000000000e+00
0.000000000000000000e+00
0.000000000000000000e+00
0.000000000000000000e+00
0.000000000000000000e+00
0.000000000000000000e+00
0.000000000000000000e+00
0.000000000000000000e+00
0.000000000000000000e+00
0.000000000000000000e+00
0.000000000000000000e+00
0.000000000000000000e+00
0.000000000000000000e+00
0.000000000000000000e+00
0.000000000000000000e+00
0.000000000000000000e+00
0.000000000000000000e+00
0.000000000000000000e+00
0.000000000000000000e+00
0.000000000000000000e+00
0.000000000000000000e+00
0.000000000000000000e+00
0.000000000000000000e+00
0.000000000000000000e+00
0.000000000000000000e+00
0.000000000000000000e+00
0.000000000000000000e+00
0.000000000000000000e+00
0.000000000000000000e+00
0.000000000000000000e+00
0.000000000000000000e+00
0.000000000000000000e+00
0.000000000000000000e+00
-1.876591918276847875e-16
-2.216114524728576435e-18
6.368850929495905097e-19
-3.190628951292394208e-19
0.000000000000000000e+00
0.000000000000000000e+00
0.000000000000000000e+00
0.000000000000000000e+00
0.000000000000000000e+00
0.000000000000000000e+00
0.000000000000000000e+00
0.000000000000000000e+00
0.000000000000000000e+00
1.767795375878665370e-32
0.000000000000000000e+00
0.000000000000000000e+00
1.771852679514447905e-32
0.000000000000000000e+00
1.774835281466762959e-32
0.000000000000000000e+00
0.000000000000000000e+00
0.000000000000000000e+00
0.000000000000000000e+00
0.000000000000000000e+00
0.000000000000000000e+00
0.000000000000000000e+00
0.000000000000000000e+00
0.000000000000000000e+00
0.000000000000000000e+00
0.000000000000000000e+00
0.000000000000000000e+00
0.000000000000000000e+00
0.000000000000000000e+00
0.000000000000000000e+00
0.000000000000000000e+00
0.000000000000000000e+00
0.000000000000000000e+00
0.000000000000000000e+00
-1.879750830292425388e-16
-2.219844963260193391e-18
6.379571768443714772e-19
-3.195999813243426171e-19
0.000000000000000000e+00
0.000000000000000000e+00
0.000000000000000000e+00
0.000000000000000000e+00
0.000000000000000000e+00
0.000000000000000000e+00
0.000000000000000000e+00
0.000000000000000000e+00
0.000000000000000000e+00
1.770771148074824537e-32
0.000000000000000000e+00
0.000000000000000000e+00
1.774835281466762959e-32
0.000000000000000000e+00
1.777822904104211012e-32
