2.158250810902411665e+00
-6.141688418012807293e-01
1.040627524154433547e-01
5.714247266351708127e-02
0.000000000000000000e+00
0.000000000000000000e+00
0.000000000000000000e+00
0.000000000000000000e+00
0.000000000000000000e+00
0.000000000000000000e+00
0.000000000000000000e+00
0.000000000000000000e+00
0.000000000000000000e+00
-3.050580608486447045e-16
0.000000000000000000e+00
0.000000000000000000e+00
-3.061473713529455937e-16
0.000000000000000000e+00
-3.055509983390754251e-16
-6.141688418012807293e-01
2.389268621423903394e+00
-5.209460851408185267e-01
-2.444993250068976387e-01
0.000000000000000000e+00
0.000000000000000000e+00
0.000000000000000000e+00
0.000000000000000000e+00
0.000000000000000000e+00
0.000000000000000000e+00
0.000000000000000000e+00
0.000000000000000000e+00
0.000000000000000000e+00
-3.173769368510925855e-16
0.000000000000000000e+00
0.000000000000000000e+00
-3.048839983014373263e-16
0.000000000000000000e+00
-3.099200777593967937e-16
1.040627524154433547e-01
-5.209460851408185267e-01
1.193103616469093131e+00
4.984783310569116943e-01
0.000000000000000000e+00
0.000000000000000000e+00
0.000000000000000000e+00
0.000000000000000000e+00
0.000000000000000000e+00
0.000000000000000000e+00
0.000000000000000000e+00
0.000000000000000000e+00
0.000000000000000000e+00
2.325226244033929780e-15
0.000000000000000000e+00
0.000000000000000000e+00
2.232551965572995036e-15
0.000000000000000000e+00
2.269924034149835212e-15
5.714247266351708127e-02
-2.444993250068976387e-01
4.984783310569116943e-01
2.086193300787679838e-01
0.000000000000000000e+00
0.000000000000000000e+00
0.000000000000000000e+00
0.000000000000000000e+00
0.000000000000000000e+00
0.000000000000000000e+00
0.000000000000000000e+00
0.000000000000000000e+00
0.000000000000000000e+00
9.617409039464797706e-16
0.000000000000000000e+00
0.000000000000000000e+00
9.233678009005492676e-16
0.000000000000000000e+00
9.388427346581129963e-16
0.000000000000000000e+00
0.000000000000000000e+00
0.000000000000000000e+00
0.000000000000000000e+00
2.064336044911958989e+00
0.000000000000000000e+00
0.000000000000000000e+00
-1.959024718149394717e-01
0.000000000000000000e+00
0.000000000000000000e+00
-1.636922086761832817e-01
0.000000000000000000e+00
0.000000000000000000e+00
0.000000000000000000e+00
0.000000000000000000e+00
0.000000000000000000e+00
0.000000000000000000e+00
0.000000000000000000e+00
0.000000000000000000e+00
0.000000000000000000e+00
0.000000000000000000e+00
0.000000000000000000e+00
0.000000000000000000e+00
0.000000000000000000e+00
2.064336044911958989e+00
0.000000000000000000e+00
0.000000000000000000e+00
-1.959024718149394717e-01
0.000000000000000000e+00
0.000000000000000000e+00
-1.636922086761832817e-01
0.000000000000000000e+00
0.000000000000000000e+00
0.000000000000000000e+00
0.000000000000000000e+00
0.000000000000000000e+00
0.000000000000000000e+00
0.000000000000000000e+00
0.000000000000000000e+00
0.000000000000000000e+00
0.000000000000000000e+00
0.000000000000000000e+00
0.000000000000000000e+00
0.000000000000000000e+00
2.064336044911958989e+00
0.000000000000000000e+00
0.000000000000000000e+00
-1.959024718149394717e-01
0.000000000000000000e+00
0.000000000000000000e+00
-1.636922086761832817e-01
0.000000000000000000e+00
0.000000000000000000e+00
0.000000000000000000e+00
0.000000000000000000e+00
0.000000000000000000e+00
0.000000000000000000e+00
0.000000000000000000e+00
0.000000000000000000e+00
0.000000000000000000e+00
0.000000000000000000e+00
-1.959024718149394440e-01
0.000000000000000000e+00
0.000000000000000000e+00
6.313378378536464997e-01
0.000000000000000000e+00
0.000000000000000000e+00
4.083257945725449756e-01
0.000000000000000000e+00
0.000000000000000000e+00
0.000000000000000000e+00
0.000000000000000000e+00
0.000000000000000000e+00
0.000000000000000000e+00
0.000000000000000000e+00
0.000000000000000000e+00
0.000000000000000000e+00
0.000000000000000000e+00
0.000000000000000000e+00
0.000000000000000000e+00
0.000000000000000000e+00
-1.959024718149394440e-01
0.000000000000000000e+00
0.000000000000000000e+00
6.313378378536464997e-01
0.000000000000000000e+00
0.000000000000000000e+00
4.083257945725449756e-01
0.000000000000000000e+00
0.000000000000000000e+00
0.000000000000000000e+00
0.000000000000000000e+00
0.000000000000000000e+00
0.000000000000000000e+00
0.000000000000000000e+00
0.000000000000000000e+00
0.000000000000000000e+00
0.000000000000000000e+00
0.000000000000000000e+00
0.000000000000000000e+00
0.000000000000000000e+00
-1.959024718149394440e-01
0.000000000000000000e+00
0.000000000000000000e+00
6.313378378536464997e-01
0.000000000000000000e+00
0.000000000000000000e+00
4.083257945725449756e-01
0.000000000000000000e+00
0.000000000000000000e+00
0.000000000000000000e+00
0.000000000000000000e+00
0.000000000000000000e+00
0.000000000000000000e+00
0.000000000000000000e+00
0.000000000000000000e+00
0.000000000000000000e+00
0.000000000000000000e+00
-1.636922086761832817e-01
0.000000000000000000e+00
0.000000000000000000e+00
4.083257945725450311e-01
0.000000000000000000e+00
0.000000000000000000e+00
2.647728234564784011e-01
0.000000000000000000e+00
0.000000000000000000e+00
0.000000000000000000e+00
0.000000000000000000e+00
0.000000000000000000e+00
0.000000000000000000e+00
0.000000000000000000e+00
0.000000000000000000e+00
0.000000000000000000e+00
0.000000000000000000e+00
0.000000000000000000e+00
0.000000000000000000e+00
0.000000000000000000e+00
-1.636922086761832817e-01
0.000000000000000000e+00
0.000000000000000000e+00
4.083257945725450311e-01
0.000000000000000000e+00
0.000000000000000000e+00
2.647728234564784011e-01
0.000000000000000000e+00
0.000000000000000000e+00
0.000000000000000000e+00
0.000000000000000000e+00
0.000000000000000000e+00
0.000000000000000000e+00
0.000000000000000000e+00
0.000000000000000000e+00
0.000000000000000000e+00
0.000000000000000000e+00
0.000000000000000000e+00
0.000000000000000000e+00
0.000000000000000000e+00
-1.636922086761832817e-01
0.000000000000000000e+00
0.000000000000000000e+00
4.083257945725450311e-01
0.000000000000000000e+00
0.000000000000000000e+00
2.647728234564784011e-01
0.000000000000000000e+00
0.000000000000000000e+00
0.000000000000000000e+00
0.000000000000000000e+00
0.000000000000000000e+00
0.000000000000000000e+00
-3.050580608486447045e-16
-3.173769368510925855e-16
2.325226244033929780e-15
9.617409039464797706e-16
0.000000000000000000e+00
0.000000000000000000e+00
0.000000000000000000e+00
0.000000000000000000e+00
0.000000000000000000e+00
0.000000000000000000e+00
0.000000000000000000e+00
0.000000000000000000e+00
0.000000000000000000e+00
4.809489544523762546e-30
0.000000000000000000e+00
0.000000000000000000e+00
4.619906925609751875e-30
0.000000000000000000e+00
4.696333545536717483e-30
0.000000000000000000e+00
0.000000000000000000e+00
0.000000000000000000e+00
0.000000000000000000e+00
0.000000000000000000e+00
0.000000000000000000e+00
0.000000000000000000e+00
0.000000000000000000e+00
0.000000000000000000e+00
0.000000000000000000e+00
0.000000000000000000e+00
0.000000000000000000e+00
0.000000000000000000e+00
0.000000000000000000e+00
0.000000000000000000e+00
0.000000000000000000e+00
0.000000000000000000e+00
0.000000000000000000e+00
0.000000000000000000e+00
0.000000000000000000e+00
0.000000000000000000e+00
0.000000000000000000e+00
0.000000000000000000e+00
0.000000000000000000e+00
0.000000000000000000e+00
0.000000000000000000e+00
0.000000000000000000e+00
0.000000000000000000e+00
0.000000000000000000e+00
0.000000000000000000e+00
0.000000000000000000e+00
0.000000000000000000e+00
0.000000000000000000e+00
0.000000000000000000e+00
0.000000000000000000e+00
0.000000000000000000e+00
0.000000000000000000e+00
0.000000000000000000e+00
-3.061473713529455937e-16
-3.048839983014373263e-16
2.232551965572995036e-15
9.233678009005492676e-16
0.000000000000000000e+00
0.000000000000000000e+00
0.000000000000000000e+00
0.000000000000000000e+00
0.000000000000000000e+00
0.000000000000000000e+00
0.000000000000000000e+00
0.000000000000000000e+00
0.000000000000000000e+00
4.619906925609751875e-30
0.000000000000000000e+00
0.000000000000000000e+00
4.437884766785767132e-30
0.000000000000000000e+00
4.511262483303279130e-30
0.000000000000000000e+00
0.000000000000000000e+00
0.000000000000000000e+00
0.000000000000000000e+00
0.000000000000000000e+00
0.000000000000000000e+00
0.000000000000000000e+00
0.000000000000000000e+00
0.000000000000000000e+00
0.000000000000000000e+00
0.000000000000000000e+00
0.000000000000000000e+00
0.000000000000000000e+00
0.000000000000000000e+00
0.000000000000000000e+00
0.000000000000000000e+00
0.000000000000000000e+00
0.000000000000000000e+00
0.000000000000000000e+00
-3.055509983390754251e-16
-3.099200777593967937e-16
2.269924034149835212e-15
9.388427346581129963e-16
0.000000000000000000e+00
0.000000000000000000e+00
0.000000000000000000e+00
0.000000000000000000e+00
0.000000000000000000e+00
0.000000000000000000e+00
0.000000000000000000e+00
0.000000000000000000e+00
0.000000000000000000e+00
4.696333545536717483e-30
0.000000000000000000e+00
0.000000000000000000e+00
4.511262483303279130e-30
0.000000000000000000e+00
4.585869742175604753e-30
