2.000445861201002540e+00
1.890943219548038567e-04
4.363815990187886276e-04
-1.581149440665557005e-03
-1.660097847492611543e-04
1.068777909225752769e-04
0.000000000000000000e+00
0.000000000000000000e+00
0.000000000000000000e+00
0.000000000000000000e+00
0.000000000000000000e+00
0.000000000000000000e+00
0.000000000000000000e+00
0.000000000000000000e+00
0.000000000000000000e+00
0.000000000000000000e+00
0.000000000000000000e+00
0.000000000000000000e+00
0.000000000000000000e+00
0.000000000000000000e+00
0.000000000000000000e+00
-1.806806215277713669e-14
0.000000000000000000e+00
0.000000000000000000e+00
-1.806806215277714931e-14
0.000000000000000000e+00
-1.806806215277715562e-14
-7.649584110627521493e-15
0.000000000000000000e+00
0.000000000000000000e+00
-7.649584110627516760e-15
0.000000000000000000e+00
-7.649584110627510449e-15
-6.330936752669280553e-15
0.000000000000000000e+00
0.000000000000000000e+00
-6.330936752669274242e-15
0.000000000000000000e+00
-6.330936752669272664e-15
0.000000000000000000e+00
0.000000000000000000e+00
0.000000000000000000e+00
0.000000000000000000e+00
0.000000000000000000e+00
0.000000000000000000e+00
0.000000000000000000e+00
0.000000000000000000e+00
0.000000000000000000e+00
0.000000000000000000e+00
0.000000000000000000e+00
0.000000000000000000e+00
0.000000000000000000e+00
0.000000000000000000e+00
0.000000000000000000e+00
0.000000000000000000e+00
0.000000000000000000e+00
0.000000000000000000e+00
0.000000000000000000e+00
0.000000000000000000e+00
1.890943219548038567e-04
1.832177746861118006e+00
5.813249913668118961e-03
1.150133292134120216e-01
9.525102993906109025e-03
-1.166267624151120456e-03
0.000000000000000000e+00
0.000000000000000000e+00
0.000000000000000000e+00
0.000000000000000000e+00
0.000000000000000000e+00
0.000000000000000000e+00
0.000000000000000000e+00
0.000000000000000000e+00
0.000000000000000000e+00
0.000000000000000000e+00
0.000000000000000000e+00
0.000000000000000000e+00
0.000000000000000000e+00
0.000000000000000000e+00
0.000000000000000000e+00
1.180921472144773741e-13
0.000000000000000000e+00
0.000000000000000000e+00
1.180921472144774246e-13
0.000000000000000000e+00
1.180921472144774498e-13
7.380719084022236806e-14
0.000000000000000000e+00
0.000000000000000000e+00
7.380719084022235544e-14
0.000000000000000000e+00
7.380719084022230495e-14
2.597620118982892538e-14
0.000000000000000000e+00
0.000000000000000000e+00
2.597620118982886227e-14
0.000000000000000000e+00
2.597620118982885280e-14
0.000000000000000000e+00
0.000000000000000000e+00
0.000000000000000000e+00
0.000000000000000000e+00
0.000000000000000000e+00
0.000000000000000000e+00
0.000000000000000000e+00
0.000000000000000000e+00
0.000000000000000000e+00
0.000000000000000000e+00
0.000000000000000000e+00
0.000000000000000000e+00
0.000000000000000000e+00
0.000000000000000000e+00
0.000000000000000000e+00
0.000000000000000000e+00
0.000000000000000000e+00
0.000000000000000000e+00
0.000000000000000000e+00
0.000000000000000000e+00
4.363815990187886276e-04
5.813249913668118961e-03
8.388768438449440978e-01
1.122892817160231621e-01
4.795342679150156884e-01
9.145984357262075190e-03
0.000000000000000000e+00
0.000000000000000000e+00
0.000000000000000000e+00
0.000000000000000000e+00
0.000000000000000000e+00
0.000000000000000000e+00
0.000000000000000000e+00
0.000000000000000000e+00
0.000000000000000000e+00
0.000000000000000000e+00
0.000000000000000000e+00
0.000000000000000000e+00
0.000000000000000000e+00
0.000000000000000000e+00
0.000000000000000000e+00
-1.963695851390004400e-13
0.000000000000000000e+00
0.000000000000000000e+00
-1.963695851390005662e-13
0.000000000000000000e+00
-1.963695851390006419e-13
-9.655168815230253668e-14
0.000000000000000000e+00
0.000000000000000000e+00
-9.655168815230247357e-14
0.000000000000000000e+00
-9.655168815230239784e-14
-5.979416234923167481e-14
0.000000000000000000e+00
0.000000000000000000e+00
-5.979416234923159908e-14
0.000000000000000000e+00
-5.979416234923157384e-14
0.000000000000000000e+00
0.000000000000000000e+00
0.000000000000000000e+00
0.000000000000000000e+00
0.000000000000000000e+00
0.000000000000000000e+00
0.000000000000000000e+00
0.000000000000000000e+00
0.000000000000000000e+00
0.000000000000000000e+00
0.000000000000000000e+00
0.000000000000000000e+00
0.000000000000000000e+00
0.000000000000000000e+00
0.000000000000000000e+00
0.000000000000000000e+00
0.000000000000000000e+00
0.000000000000000000e+00
0.000000000000000000e+00
0.000000000000000000e+00
-1.581149440665557005e-03
1.150133292134120216e-01
1.122892817160231621e-01
2.215468717323800657e-02
6.457591671889893747e-02
1.147497373876823741e-03
0.000000000000000000e+00
0.000000000000000000e+00
0.000000000000000000e+00
0.000000000000000000e+00
0.000000000000000000e+00
0.000000000000000000e+00
0.000000000000000000e+00
0.000000000000000000e+00
0.000000000000000000e+00
0.000000000000000000e+00
0.000000000000000000e+00
0.000000000000000000e+00
0.000000000000000000e+00
0.000000000000000000e+00
0.000000000000000000e+00
-1.882256087910453732e-14
0.000000000000000000e+00
0.000000000000000000e+00
-1.882256087910455310e-14
0.000000000000000000e+00
-1.882256087910456256e-14
-8.274157823105759515e-15
0.000000000000000000e+00
0.000000000000000000e+00
-8.274157823105753204e-15
0.000000000000000000e+00
-8.274157823105745315e-15
-6.353174872769169755e-15
0.000000000000000000e+00
0.000000000000000000e+00
-6.353174872769162655e-15
0.000000000000000000e+00
-6.353174872769160288e-15
0.000000000000000000e+00
0.000000000000000000e+00
0.000000000000000000e+00
0.000000000000000000e+00
0.000000000000000000e+00
0.000000000000000000e+00
0.000000000000000000e+00
0.000000000000000000e+00
0.000000000000000000e+00
0.000000000000000000e+00
0.000000000000000000e+00
0.000000000000000000e+00
0.000000000000000000e+00
0.000000000000000000e+00
0.000000000000000000e+00
0.000000000000000000e+00
0.000000000000000000e+00
0.000000000000000000e+00
0.000000000000000000e+00
0.000000000000000000e+00
-1.660097847492611543e-04
9.525102993906109025e-03
4.795342679150156884e-01
6.457591671889893747e-02
2.741413120864489850e-01
5.224012636541994561e-03
0.000000000000000000e+00
0.000000000000000000e+00
0.000000000000000000e+00
0.000000000000000000e+00
0.000000000000000000e+00
0.000000000000000000e+00
0.000000000000000000e+00
0.000000000000000000e+00
0.000000000000000000e+00
0.000000000000000000e+00
0.000000000000000000e+00
0.000000000000000000e+00
0.000000000000000000e+00
0.000000000000000000e+00
0.000000000000000000e+00
-1.118443040808153046e-13
0.000000000000000000e+00
0.000000000000000000e+00
-1.118443040808153804e-13
0.000000000000000000e+00
-1.118443040808154182e-13
-5.493896421190702949e-14
0.000000000000000000e+00
0.000000000000000000e+00
-5.493896421190699163e-14
0.000000000000000000e+00
-5.493896421190694745e-14
-3.408999649750779316e-14
0.000000000000000000e+00
0.000000000000000000e+00
-3.408999649750774898e-14
0.000000000000000000e+00
-3.408999649750773636e-14
0.000000000000000000e+00
0.000000000000000000e+00
0.000000000000000000e+00
0.000000000000000000e+00
0.000000000000000000e+00
0.000000000000000000e+00
0.000000000000000000e+00
0.000000000000000000e+00
0.000000000000000000e+00
0.000000000000000000e+00
0.000000000000000000e+00
0.000000000000000000e+00
0.000000000000000000e+00
0.000000000000000000e+00
0.000000000000000000e+00
0.000000000000000000e+00
0.000000000000000000e+00
0.000000000000000000e+00
0.000000000000000000e+00
0.000000000000000000e+00
1.068777909225752769e-04
-1.166267624151120456e-03
9.145984357262075190e-03
1.147497373876823741e-03
5.224012636541994561e-03
1.005460164907552090e-04
0.000000000000000000e+00
0.000000000000000000e+00
0.000000000000000000e+00
0.000000000000000000e+00
0.000000000000000000e+00
0.000000000000000000e+00
0.000000000000000000e+00
0.000000000000000000e+00
0.000000000000000000e+00
0.000000000000000000e+00
0.000000000000000000e+00
0.000000000000000000e+00
0.000000000000000000e+00
0.000000000000000000e+00
0.000000000000000000e+00
-2.222040005331358372e-15
0.000000000000000000e+00
0.000000000000000000e+00
-2.222040005331359556e-15
0.000000000000000000e+00
-2.222040005331360344e-15
-1.103043585074234196e-15
0.000000000000000000e+00
0.000000000000000000e+00
-1.103043585074233407e-15
0.000000000000000000e+00
-1.103043585074232618e-15
-6.699493662467160565e-16
0.000000000000000000e+00
0.000000000000000000e+00
-6.699493662467151691e-16
0.000000000000000000e+00
-6.699493662467149719e-16
0.000000000000000000e+00
0.000000000000000000e+00
0.000000000000000000e+00
0.000000000000000000e+00
0.000000000000000000e+00
0.000000000000000000e+00
0.000000000000000000e+00
0.000000000000000000e+00
0.000000000000000000e+00
0.000000000000000000e+00
0.000000000000000000e+00
0.000000000000000000e+00
0.000000000000000000e+00
0.000000000000000000e+00
0.000000000000000000e+00
0.000000000000000000e+00
0.000000000000000000e+00
0.000000000000000000e+00
0.000000000000000000e+00
0.000000000000000000e+00
0.000000000000000000e+00
0.000000000000000000e+00
0.000000000000000000e+00
0.000000000000000000e+00
0.000000000000000000e+00
0.000000000000000000e+00
1.845513741425240939e+00
0.000000000000000000e+00
0.000000000000000000e+00
-7.650739833635141103e-03
0.000000000000000000e+00
0.000000000000000000e+00
1.455401810128836848e-01
0.000000000000000000e+00
0.000000000000000000e+00
-1.937250569008233496e-03
0.000000000000000000e+00
0.000000000000000000e+00
-2.499707408470897181e-03
0.000000000000000000e+00
0.000000000000000000e+00
0.000000000000000000e+00
0.000000000000000000e+00
0.000000000000000000e+00
0.000000000000000000e+00
0.000000000000000000e+00
0.000000000000000000e+00
0.000000000000000000e+00
0.000000000000000000e+00
0.000000000000000000e+00
0.000000000000000000e+00
0.000000000000000000e+00
0.000000000000000000e+00
0.000000000000000000e+00
0.000000000000000000e+00
0.000000000000000000e+00
0.000000000000000000e+00
0.000000000000000000e+00
0.000000000000000000e+00
-2.102119355898593506e-13
0.000000000000000000e+00
0.000000000000000000e+00
-2.103085379731114680e-13
0.000000000000000000e+00
-2.103498270515198564e-13
0.000000000000000000e+00
0.000000000000000000e+00
0.000000000000000000e+00
0.000000000000000000e+00
-7.620101167651574709e-14
0.000000000000000000e+00
0.000000000000000000e+00
-7.616538861027735162e-14
0.000000000000000000e+00
-7.611973965011303065e-14
0.000000000000000000e+00
0.000000000000000000e+00
0.000000000000000000e+00
0.000000000000000000e+00
0.000000000000000000e+00
0.000000000000000000e+00
0.000000000000000000e+00
0.000000000000000000e+00
0.000000000000000000e+00
0.000000000000000000e+00
0.000000000000000000e+00
1.845513741425240939e+00
0.000000000000000000e+00
0.000000000000000000e+00
-7.650739833635146307e-03
0.000000000000000000e+00
0.000000000000000000e+00
1.455401810128836848e-01
0.000000000000000000e+00
0.000000000000000000e+00
-1.937250569008233496e-03
0.000000000000000000e+00
0.000000000000000000e+00
-2.499707408470897181e-03
0.000000000000000000e+00
0.000000000000000000e+00
0.000000000000000000e+00
0.000000000000000000e+00
0.000000000000000000e+00
0.000000000000000000e+00
0.000000000000000000e+00
0.000000000000000000e+00
0.000000000000000000e+00
0.000000000000000000e+00
0.000000000000000000e+00
0.000000000000000000e+00
0.000000000000000000e+00
0.000000000000000000e+00
0.000000000000000000e+00
0.000000000000000000e+00
0.000000000000000000e+00
0.000000000000000000e+00
0.000000000000000000e+00
0.000000000000000000e+00
-2.103085379731298705e-13
0.000000000000000000e+00
0.000000000000000000e+00
0.000000000000000000e+00
0.000000000000000000e+00
-2.102119355898778037e-13
0.000000000000000000e+00
-2.103498270515383599e-13
0.000000000000000000e+00
0.000000000000000000e+00
-7.616538861028527809e-14
0.000000000000000000e+00
0.000000000000000000e+00
0.000000000000000000e+00
0.000000000000000000e+00
-7.620101167652361046e-14
0.000000000000000000e+00
-7.611973965012083091e-14
0.000000000000000000e+00
0.000000000000000000e+00
0.000000000000000000e+00
0.000000000000000000e+00
0.000000000000000000e+00
0.000000000000000000e+00
0.000000000000000000e+00
0.000000000000000000e+00
0.000000000000000000e+00
1.845513741425240939e+00
0.000000000000000000e+00
0.000000000000000000e+00
-7.650739833595234657e-03
0.000000000000000000e+00
0.000000000000000000e+00
1.455401810128946483e-01
0.000000000000000000e+00
0.000000000000000000e+00
-1.937250568971904049e-03
0.000000000000000000e+00
0.000000000000000000e+00
-2.499707408463554530e-03
0.000000000000000000e+00
0.000000000000000000e+00
0.000000000000000000e+00
0.000000000000000000e+00
0.000000000000000000e+00
0.000000000000000000e+00
0.000000000000000000e+00
0.000000000000000000e+00
0.000000000000000000e+00
0.000000000000000000e+00
0.000000000000000000e+00
0.000000000000000000e+00
0.000000000000000000e+00
0.000000000000000000e+00
0.000000000000000000e+00
0.000000000000000000e+00
0.000000000000000000e+00
0.000000000000000000e+00
0.000000000000000000e+00
0.000000000000000000e+00
-2.106567346796120789e-13
0.000000000000000000e+00
0.000000000000000000e+00
0.000000000000000000e+00
0.000000000000000000e+00
-2.106567346796122051e-13
0.000000000000000000e+00
-2.104900205284439771e-13
0.000000000000000000e+00
0.000000000000000000e+00
-7.654376029821322642e-14
0.000000000000000000e+00
0.000000000000000000e+00
0.000000000000000000e+00
0.000000000000000000e+00
-7.654376029821311282e-14
0.000000000000000000e+00
-7.666083065440212666e-14
0.000000000000000000e+00
0.000000000000000000e+00
0.000000000000000000e+00
0.000000000000000000e+00
0.000000000000000000e+00
0.000000000000000000e+00
-7.650739833635141103e-03
0.000000000000000000e+00
0.000000000000000000e+00
2.563152007067097116e-01
0.000000000000000000e+00
0.000000000000000000e+00
7.238603453697173284e-02
0.000000000000000000e+00
0.000000000000000000e+00
2.297375813305659042e-01
0.000000000000000000e+00
0.000000000000000000e+00
4.848569728100925180e-02
0.000000000000000000e+00
0.000000000000000000e+00
0.000000000000000000e+00
0.000000000000000000e+00
0.000000000000000000e+00
0.000000000000000000e+00
0.000000000000000000e+00
0.000000000000000000e+00
0.000000000000000000e+00
0.000000000000000000e+00
0.000000000000000000e+00
0.000000000000000000e+00
0.000000000000000000e+00
0.000000000000000000e+00
0.000000000000000000e+00
0.000000000000000000e+00
0.000000000000000000e+00
0.000000000000000000e+00
0.000000000000000000e+00
0.000000000000000000e+00
4.351898747006337514e-14
0.000000000000000000e+00
0.000000000000000000e+00
4.384993892673506302e-14
0.000000000000000000e+00
4.356463729569525617e-14
0.000000000000000000e+00
0.000000000000000000e+00
0.000000000000000000e+00
0.000000000000000000e+00
1.610122965482124963e-14
0.000000000000000000e+00
0.000000000000000000e+00
1.581279459923653044e-14
0.000000000000000000e+00
1.590057102772508938e-14
0.000000000000000000e+00
0.000000000000000000e+00
0.000000000000000000e+00
0.000000000000000000e+00
0.000000000000000000e+00
0.000000000000000000e+00
0.000000000000000000e+00
0.000000000000000000e+00
0.000000000000000000e+00
0.000000000000000000e+00
0.000000000000000000e+00
-7.650739833635146307e-03
0.000000000000000000e+00
0.000000000000000000e+00
2.563152007067097116e-01
0.000000000000000000e+00
0.000000000000000000e+00
7.238603453697173284e-02
0.000000000000000000e+00
0.000000000000000000e+00
2.297375813305659042e-01
0.000000000000000000e+00
0.000000000000000000e+00
4.848569728100925180e-02
0.000000000000000000e+00
0.000000000000000000e+00
0.000000000000000000e+00
0.000000000000000000e+00
0.000000000000000000e+00
0.000000000000000000e+00
0.000000000000000000e+00
0.000000000000000000e+00
0.000000000000000000e+00
0.000000000000000000e+00
0.000000000000000000e+00
0.000000000000000000e+00
0.000000000000000000e+00
0.000000000000000000e+00
0.000000000000000000e+00
0.000000000000000000e+00
0.000000000000000000e+00
0.000000000000000000e+00
0.000000000000000000e+00
0.000000000000000000e+00
4.384993892673888111e-14
0.000000000000000000e+00
0.000000000000000000e+00
0.000000000000000000e+00
0.000000000000000000e+00
4.351898747006720585e-14
0.000000000000000000e+00
4.356463729569909950e-14
0.000000000000000000e+00
0.000000000000000000e+00
1.581279459923817758e-14
0.000000000000000000e+00
0.000000000000000000e+00
0.000000000000000000e+00
0.000000000000000000e+00
1.610122965482288731e-14
0.000000000000000000e+00
1.590057102772671128e-14
0.000000000000000000e+00
0.000000000000000000e+00
0.000000000000000000e+00
0.000000000000000000e+00
0.000000000000000000e+00
0.000000000000000000e+00
0.000000000000000000e+00
0.000000000000000000e+00
0.000000000000000000e+00
-7.650739833595234657e-03
0.000000000000000000e+00
0.000000000000000000e+00
2.563152007068884575e-01
0.000000000000000000e+00
0.000000000000000000e+00
7.238603453696854095e-02
0.000000000000000000e+00
0.000000000000000000e+00
2.297375813306756775e-01
0.000000000000000000e+00
0.000000000000000000e+00
4.848569728102421206e-02
0.000000000000000000e+00
0.000000000000000000e+00
0.000000000000000000e+00
0.000000000000000000e+00
0.000000000000000000e+00
0.000000000000000000e+00
0.000000000000000000e+00
0.000000000000000000e+00
0.000000000000000000e+00
0.000000000000000000e+00
0.000000000000000000e+00
0.000000000000000000e+00
0.000000000000000000e+00
0.000000000000000000e+00
0.000000000000000000e+00
0.000000000000000000e+00
0.000000000000000000e+00
0.000000000000000000e+00
0.000000000000000000e+00
0.000000000000000000e+00
8.429282305427438716e-15
0.000000000000000000e+00
0.000000000000000000e+00
0.000000000000000000e+00
0.000000000000000000e+00
8.429282305427445027e-15
0.000000000000000000e+00
8.274256738652730758e-15
0.000000000000000000e+00
0.000000000000000000e+00
4.752469005623847055e-16
0.000000000000000000e+00
0.000000000000000000e+00
0.000000000000000000e+00
0.000000000000000000e+00
4.752469005623803667e-16
0.000000000000000000e+00
7.146469439425774584e-16
0.000000000000000000e+00
0.000000000000000000e+00
0.000000000000000000e+00
0.000000000000000000e+00
0.000000000000000000e+00
0.000000000000000000e+00
1.455401810128836848e-01
0.000000000000000000e+00
0.000000000000000000e+00
7.238603453697173284e-02
0.000000000000000000e+00
0.000000000000000000e+00
3.226486600258982040e-02
0.000000000000000000e+00
0.000000000000000000e+00
6.527406494896292877e-02
0.000000000000000000e+00
0.000000000000000000e+00
1.360861557075745097e-02
0.000000000000000000e+00
0.000000000000000000e+00
0.000000000000000000e+00
0.000000000000000000e+00
0.000000000000000000e+00
0.000000000000000000e+00
0.000000000000000000e+00
0.000000000000000000e+00
0.000000000000000000e+00
0.000000000000000000e+00
0.000000000000000000e+00
0.000000000000000000e+00
0.000000000000000000e+00
0.000000000000000000e+00
0.000000000000000000e+00
0.000000000000000000e+00
0.000000000000000000e+00
0.000000000000000000e+00
0.000000000000000000e+00
0.000000000000000000e+00
-4.431658462288824098e-15
0.000000000000000000e+00
0.000000000000000000e+00
-4.345135957691122633e-15
0.000000000000000000e+00
-4.429694564484292013e-15
0.000000000000000000e+00
0.000000000000000000e+00
0.000000000000000000e+00
0.000000000000000000e+00
-1.513681214010899725e-15
0.000000000000000000e+00
0.000000000000000000e+00
-1.592975995690969611e-15
0.000000000000000000e+00
-1.564323474582217205e-15
0.000000000000000000e+00
0.000000000000000000e+00
0.000000000000000000e+00
0.000000000000000000e+00
0.000000000000000000e+00
0.000000000000000000e+00
0.000000000000000000e+00
0.000000000000000000e+00
0.000000000000000000e+00
0.000000000000000000e+00
0.000000000000000000e+00
1.455401810128836848e-01
0.000000000000000000e+00
0.000000000000000000e+00
7.238603453697173284e-02
0.000000000000000000e+00
0.000000000000000000e+00
3.226486600258982040e-02
0.000000000000000000e+00
0.000000000000000000e+00
6.527406494896292877e-02
0.000000000000000000e+00
0.000000000000000000e+00
1.360861557075745097e-02
0.000000000000000000e+00
0.000000000000000000e+00
0.000000000000000000e+00
0.000000000000000000e+00
0.000000000000000000e+00
0.000000000000000000e+00
0.000000000000000000e+00
0.000000000000000000e+00
0.000000000000000000e+00
0.000000000000000000e+00
0.000000000000000000e+00
0.000000000000000000e+00
0.000000000000000000e+00
0.000000000000000000e+00
0.000000000000000000e+00
0.000000000000000000e+00
0.000000000000000000e+00
0.000000000000000000e+00
0.000000000000000000e+00
0.000000000000000000e+00
-4.345135957691506020e-15
0.000000000000000000e+00
0.000000000000000000e+00
0.000000000000000000e+00
0.000000000000000000e+00
-4.431658462289210640e-15
0.000000000000000000e+00
-4.429694564484678555e-15
0.000000000000000000e+00
0.000000000000000000e+00
-1.592975995691134483e-15
0.000000000000000000e+00
0.000000000000000000e+00
0.000000000000000000e+00
0.000000000000000000e+00
-1.513681214011062230e-15
0.000000000000000000e+00
-1.564323474582378922e-15
0.000000000000000000e+00
0.000000000000000000e+00
0.000000000000000000e+00
0.000000000000000000e+00
0.000000000000000000e+00
0.000000000000000000e+00
0.000000000000000000e+00
0.000000000000000000e+00
0.000000000000000000e+00
1.455401810128946483e-01
0.000000000000000000e+00
0.000000000000000000e+00
7.238603453696854095e-02
0.000000000000000000e+00
0.000000000000000000e+00
3.226486600257344461e-02
0.000000000000000000e+00
0.000000000000000000e+00
6.527406494894574807e-02
0.000000000000000000e+00
0.000000000000000000e+00
1.360861557075146097e-02
0.000000000000000000e+00
0.000000000000000000e+00
0.000000000000000000e+00
0.000000000000000000e+00
0.000000000000000000e+00
0.000000000000000000e+00
0.000000000000000000e+00
0.000000000000000000e+00
0.000000000000000000e+00
0.000000000000000000e+00
0.000000000000000000e+00
0.000000000000000000e+00
0.000000000000000000e+00
0.000000000000000000e+00
0.000000000000000000e+00
0.000000000000000000e+00
0.000000000000000000e+00
0.000000000000000000e+00
0.000000000000000000e+00
0.000000000000000000e+00
-1.446078840591686299e-14
0.000000000000000000e+00
0.000000000000000000e+00
0.000000000000000000e+00
0.000000000000000000e+00
-1.446078840591686930e-14
0.000000000000000000e+00
-1.449159541645144163e-14
0.000000000000000000e+00
0.000000000000000000e+00
-5.991386210259260329e-15
0.000000000000000000e+00
0.000000000000000000e+00
0.000000000000000000e+00
0.000000000000000000e+00
-5.991386210259252440e-15
0.000000000000000000e+00
-5.932575796851641751e-15
0.000000000000000000e+00
0.000000000000000000e+00
0.000000000000000000e+00
0.000000000000000000e+00
0.000000000000000000e+00
0.000000000000000000e+00
-1.937250569008233496e-03
0.000000000000000000e+00
0.000000000000000000e+00
2.297375813305659042e-01
0.000000000000000000e+00
0.000000000000000000e+00
6.527406494896292877e-02
0.000000000000000000e+00
0.000000000000000000e+00
2.059289449277007800e-01
0.000000000000000000e+00
0.000000000000000000e+00
4.345535307018988380e-02
0.000000000000000000e+00
0.000000000000000000e+00
0.000000000000000000e+00
0.000000000000000000e+00
0.000000000000000000e+00
0.000000000000000000e+00
0.000000000000000000e+00
0.000000000000000000e+00
0.000000000000000000e+00
0.000000000000000000e+00
0.000000000000000000e+00
0.000000000000000000e+00
0.000000000000000000e+00
0.000000000000000000e+00
0.000000000000000000e+00
0.000000000000000000e+00
0.000000000000000000e+00
0.000000000000000000e+00
0.000000000000000000e+00
0.000000000000000000e+00
3.844941851383027486e-14
0.000000000000000000e+00
0.000000000000000000e+00
3.874582199547559890e-14
0.000000000000000000e+00
3.848997082266180365e-14
0.000000000000000000e+00
0.000000000000000000e+00
0.000000000000000000e+00
0.000000000000000000e+00
1.422977749690998639e-14
0.000000000000000000e+00
0.000000000000000000e+00
1.397132263321785151e-14
0.000000000000000000e+00
1.405012612439163451e-14
0.000000000000000000e+00
0.000000000000000000e+00
0.000000000000000000e+00
0.000000000000000000e+00
0.000000000000000000e+00
0.000000000000000000e+00
0.000000000000000000e+00
0.000000000000000000e+00
0.000000000000000000e+00
0.000000000000000000e+00
0.000000000000000000e+00
-1.937250569008233496e-03
0.000000000000000000e+00
0.000000000000000000e+00
2.297375813305659042e-01
0.000000000000000000e+00
0.000000000000000000e+00
6.527406494896292877e-02
0.000000000000000000e+00
0.000000000000000000e+00
2.059289449277007800e-01
0.000000000000000000e+00
0.000000000000000000e+00
4.345535307018988380e-02
0.000000000000000000e+00
0.000000000000000000e+00
0.000000000000000000e+00
0.000000000000000000e+00
0.000000000000000000e+00
0.000000000000000000e+00
0.000000000000000000e+00
0.000000000000000000e+00
0.000000000000000000e+00
0.000000000000000000e+00
0.000000000000000000e+00
0.000000000000000000e+00
0.000000000000000000e+00
0.000000000000000000e+00
0.000000000000000000e+00
0.000000000000000000e+00
0.000000000000000000e+00
0.000000000000000000e+00
0.000000000000000000e+00
0.000000000000000000e+00
3.874582199547896892e-14
0.000000000000000000e+00
0.000000000000000000e+00
0.000000000000000000e+00
0.000000000000000000e+00
3.844941851383366381e-14
0.000000000000000000e+00
3.848997082266519891e-14
0.000000000000000000e+00
0.000000000000000000e+00
1.397132263321930617e-14
0.000000000000000000e+00
0.000000000000000000e+00
0.000000000000000000e+00
0.000000000000000000e+00
1.422977749691143474e-14
0.000000000000000000e+00
1.405012612439306866e-14
0.000000000000000000e+00
0.000000000000000000e+00
0.000000000000000000e+00
0.000000000000000000e+00
0.000000000000000000e+00
0.000000000000000000e+00
0.000000000000000000e+00
0.000000000000000000e+00
0.000000000000000000e+00
-1.937250568971904049e-03
0.000000000000000000e+00
0.000000000000000000e+00
2.297375813306756775e-01
0.000000000000000000e+00
0.000000000000000000e+00
6.527406494894574807e-02
0.000000000000000000e+00
0.000000000000000000e+00
2.059289449277539596e-01
0.000000000000000000e+00
0.000000000000000000e+00
4.345535307019374877e-02
0.000000000000000000e+00
0.000000000000000000e+00
0.000000000000000000e+00
0.000000000000000000e+00
0.000000000000000000e+00
0.000000000000000000e+00
0.000000000000000000e+00
0.000000000000000000e+00
0.000000000000000000e+00
0.000000000000000000e+00
0.000000000000000000e+00
0.000000000000000000e+00
0.000000000000000000e+00
0.000000000000000000e+00
0.000000000000000000e+00
0.000000000000000000e+00
0.000000000000000000e+00
0.000000000000000000e+00
0.000000000000000000e+00
0.000000000000000000e+00
6.994226730138704482e-15
0.000000000000000000e+00
0.000000000000000000e+00
0.000000000000000000e+00
0.000000000000000000e+00
6.994226730138710793e-15
0.000000000000000000e+00
6.855708123554286834e-15
0.000000000000000000e+00
0.000000000000000000e+00
2.219134289002226735e-16
0.000000000000000000e+00
0.000000000000000000e+00
0.000000000000000000e+00
0.000000000000000000e+00
2.219134289002190990e-16
0.000000000000000000e+00
4.361967079686654875e-16
0.000000000000000000e+00
0.000000000000000000e+00
0.000000000000000000e+00
0.000000000000000000e+00
0.000000000000000000e+00
0.000000000000000000e+00
-2.499707408470897181e-03
0.000000000000000000e+00
0.000000000000000000e+00
4.848569728100925180e-02
0.000000000000000000e+00
0.000000000000000000e+00
1.360861557075745097e-02
0.000000000000000000e+00
0.000000000000000000e+00
4.345535307018988380e-02
0.000000000000000000e+00
0.000000000000000000e+00
9.172365482391113198e-03
0.000000000000000000e+00
0.000000000000000000e+00
0.000000000000000000e+00
0.000000000000000000e+00
0.000000000000000000e+00
0.000000000000000000e+00
0.000000000000000000e+00
0.000000000000000000e+00
0.000000000000000000e+00
0.000000000000000000e+00
0.000000000000000000e+00
0.000000000000000000e+00
0.000000000000000000e+00
0.000000000000000000e+00
0.000000000000000000e+00
0.000000000000000000e+00
0.000000000000000000e+00
0.000000000000000000e+00
0.000000000000000000e+00
0.000000000000000000e+00
8.351394485526123866e-15
0.000000000000000000e+00
0.000000000000000000e+00
8.414048164361729347e-15
0.000000000000000000e+00
8.360107674293633931e-15
0.000000000000000000e+00
0.000000000000000000e+00
0.000000000000000000e+00
0.000000000000000000e+00
3.088965779295261398e-15
0.000000000000000000e+00
0.000000000000000000e+00
3.034388743454854416e-15
0.000000000000000000e+00
3.050965383868220862e-15
0.000000000000000000e+00
0.000000000000000000e+00
0.000000000000000000e+00
0.000000000000000000e+00
0.000000000000000000e+00
0.000000000000000000e+00
0.000000000000000000e+00
0.000000000000000000e+00
0.000000000000000000e+00
0.000000000000000000e+00
0.000000000000000000e+00
-2.499707408470897181e-03
0.000000000000000000e+00
0.000000000000000000e+00
4.848569728100925180e-02
0.000000000000000000e+00
0.000000000000000000e+00
1.360861557075745097e-02
0.000000000000000000e+00
0.000000000000000000e+00
4.345535307018988380e-02
0.000000000000000000e+00
0.000000000000000000e+00
9.172365482391113198e-03
0.000000000000000000e+00
0.000000000000000000e+00
0.000000000000000000e+00
0.000000000000000000e+00
0.000000000000000000e+00
0.000000000000000000e+00
0.000000000000000000e+00
0.000000000000000000e+00
0.000000000000000000e+00
0.000000000000000000e+00
0.000000000000000000e+00
0.000000000000000000e+00
0.000000000000000000e+00
0.000000000000000000e+00
0.000000000000000000e+00
0.000000000000000000e+00
0.000000000000000000e+00
0.000000000000000000e+00
0.000000000000000000e+00
0.000000000000000000e+00
8.414048164362461410e-15
0.000000000000000000e+00
0.000000000000000000e+00
0.000000000000000000e+00
0.000000000000000000e+00
8.351394485526859085e-15
0.000000000000000000e+00
8.360107674294370727e-15
0.000000000000000000e+00
0.000000000000000000e+00
3.034388743455169960e-15
0.000000000000000000e+00
0.000000000000000000e+00
0.000000000000000000e+00
0.000000000000000000e+00
3.088965779295575365e-15
0.000000000000000000e+00
3.050965383868532462e-15
0.000000000000000000e+00
0.000000000000000000e+00
0.000000000000000000e+00
0.000000000000000000e+00
0.000000000000000000e+00
0.000000000000000000e+00
0.000000000000000000e+00
0.000000000000000000e+00
0.000000000000000000e+00
-2.499707408463554530e-03
0.000000000000000000e+00
0.000000000000000000e+00
4.848569728102421206e-02
0.000000000000000000e+00
0.000000000000000000e+00
1.360861557075146097e-02
0.000000000000000000e+00
0.000000000000000000e+00
4.345535307019374877e-02
0.000000000000000000e+00
0.000000000000000000e+00
9.172365482390375940e-03
0.000000000000000000e+00
0.000000000000000000e+00
0.000000000000000000e+00
0.000000000000000000e+00
0.000000000000000000e+00
0.000000000000000000e+00
0.000000000000000000e+00
0.000000000000000000e+00
0.000000000000000000e+00
0.000000000000000000e+00
0.000000000000000000e+00
0.000000000000000000e+00
0.000000000000000000e+00
0.000000000000000000e+00
0.000000000000000000e+00
0.000000000000000000e+00
0.000000000000000000e+00
0.000000000000000000e+00
0.000000000000000000e+00
0.000000000000000000e+00
1.714524432830712670e-15
0.000000000000000000e+00
0.000000000000000000e+00
0.000000000000000000e+00
0.000000000000000000e+00
1.714524432830714248e-15
0.000000000000000000e+00
1.685106676541011271e-15
0.000000000000000000e+00
0.000000000000000000e+00
1.335484824473028814e-16
0.000000000000000000e+00
0.000000000000000000e+00
0.000000000000000000e+00
0.000000000000000000e+00
1.335484824473019693e-16
0.000000000000000000e+00
1.788971306060812735e-16
-1.806806215277713669e-14
1.180921472144773741e-13
-1.963695851390004400e-13
-1.882256087910453732e-14
-1.118443040808153046e-13
-2.222040005331358372e-15
0.000000000000000000e+00
0.000000000000000000e+00
0.000000000000000000e+00
0.000000000000000000e+00
0.000000000000000000e+00
0.000000000000000000e+00
0.000000000000000000e+00
0.000000000000000000e+00
0.000000000000000000e+00
0.000000000000000000e+00
0.000000000000000000e+00
0.000000000000000000e+00
0.000000000000000000e+00
0.000000000000000000e+00
0.000000000000000000e+00
5.391717561661119495e-26
0.000000000000000000e+00
0.000000000000000000e+00
5.391717561661122939e-26
0.000000000000000000e+00
5.391717561661125235e-26
2.752554700948632595e-26
0.000000000000000000e+00
0.000000000000000000e+00
2.752554700948630873e-26
0.000000000000000000e+00
2.752554700948628577e-26
1.577426557569378322e-26
0.000000000000000000e+00
0.000000000000000000e+00
1.577426557569376313e-26
0.000000000000000000e+00
1.577426557569375739e-26
0.000000000000000000e+00
0.000000000000000000e+00
0.000000000000000000e+00
0.000000000000000000e+00
0.000000000000000000e+00
0.000000000000000000e+00
0.000000000000000000e+00
0.000000000000000000e+00
0.000000000000000000e+00
0.000000000000000000e+00
0.000000000000000000e+00
0.000000000000000000e+00
0.000000000000000000e+00
0.000000000000000000e+00
0.000000000000000000e+00
0.000000000000000000e+00
0.000000000000000000e+00
0.000000000000000000e+00
0.000000000000000000e+00
0.000000000000000000e+00
0.000000000000000000e+00
0.000000000000000000e+00
0.000000000000000000e+00
0.000000000000000000e+00
0.000000000000000000e+00
0.000000000000000000e+00
0.000000000000000000e+00
0.000000000000000000e+00
0.000000000000000000e+00
0.000000000000000000e+00
0.000000000000000000e+00
0.000000000000000000e+00
0.000000000000000000e+00
0.000000000000000000e+00
0.000000000000000000e+00
0.000000000000000000e+00
0.000000000000000000e+00
0.000000000000000000e+00
0.000000000000000000e+00
0.000000000000000000e+00
0.000000000000000000e+00
0.000000000000000000e+00
0.000000000000000000e+00
0.000000000000000000e+00
0.000000000000000000e+00
0.000000000000000000e+00
0.000000000000000000e+00
0.000000000000000000e+00
0.000000000000000000e+00
0.000000000000000000e+00
0.000000000000000000e+00
0.000000000000000000e+00
0.000000000000000000e+00
0.000000000000000000e+00
0.000000000000000000e+00
0.000000000000000000e+00
0.000000000000000000e+00
0.000000000000000000e+00
0.000000000000000000e+00
0.000000000000000000e+00
0.000000000000000000e+00
0.000000000000000000e+00
0.000000000000000000e+00
0.000000000000000000e+00
0.000000000000000000e+00
0.000000000000000000e+00
0.000000000000000000e+00
0.000000000000000000e+00
0.000000000000000000e+00
0.000000000000000000e+00
0.000000000000000000e+00
0.000000000000000000e+00
0.000000000000000000e+00
0.000000000000000000e+00
0.000000000000000000e+00
0.000000000000000000e+00
0.000000000000000000e+00
0.000000000000000000e+00
0.000000000000000000e+00
0.000000000000000000e+00
0.000000000000000000e+00
0.000000000000000000e+00
0.000000000000000000e+00
0.000000000000000000e+00
0.000000000000000000e+00
0.000000000000000000e+00
0.000000000000000000e+00
0.000000000000000000e+00
0.000000000000000000e+00
0.000000000000000000e+00
0.000000000000000000e+00
0.000000000000000000e+00
0.000000000000000000e+00
0.000000000000000000e+00
0.000000000000000000e+00
0.000000000000000000e+00
0.000000000000000000e+00
0.000000000000000000e+00
0.000000000000000000e+00
0.000000000000000000e+00
0.000000000000000000e+00
0.000000000000000000e+00
0.000000000000000000e+00
0.000000000000000000e+00
0.000000000000000000e+00
0.000000000000000000e+00
0.000000000000000000e+00
0.000000000000000000e+00
0.000000000000000000e+00
0.000000000000000000e+00
0.000000000000000000e+00
0.000000000000000000e+00
0.000000000000000000e+00
0.000000000000000000e+00
0.000000000000000000e+00
0.000000000000000000e+00
0.000000000000000000e+00
0.000000000000000000e+00
0.000000000000000000e+00
0.000000000000000000e+00
0.000000000000000000e+00
0.000000000000000000e+00
0.000000000000000000e+00
0.000000000000000000e+00
0.000000000000000000e+00
0.000000000000000000e+00
0.000000000000000000e+00
0.000000000000000000e+00
0.000000000000000000e+00
0.000000000000000000e+00
0.000000000000000000e+00
0.000000000000000000e+00
0.000000000000000000e+00
0.000000000000000000e+00
0.000000000000000000e+00
0.000000000000000000e+00
0.000000000000000000e+00
0.000000000000000000e+00
-1.806806215277714931e-14
1.180921472144774246e-13
-1.963695851390005662e-13
-1.882256087910455310e-14
-1.118443040808153804e-13
-2.222040005331359556e-15
0.000000000000000000e+00
0.000000000000000000e+00
0.000000000000000000e+00
0.000000000000000000e+00
0.000000000000000000e+00
0.000000000000000000e+00
0.000000000000000000e+00
0.000000000000000000e+00
0.000000000000000000e+00
0.000000000000000000e+00
0.000000000000000000e+00
0.000000000000000000e+00
0.000000000000000000e+00
0.000000000000000000e+00
0.000000000000000000e+00
5.391717561661122939e-26
0.000000000000000000e+00
0.000000000000000000e+00
5.391717561661126383e-26
0.000000000000000000e+00
5.391717561661128679e-26
2.752554700948634316e-26
0.000000000000000000e+00
0.000000000000000000e+00
2.752554700948632595e-26
0.000000000000000000e+00
2.752554700948630299e-26
1.577426557569379757e-26
0.000000000000000000e+00
0.000000000000000000e+00
1.577426557569377174e-26
0.000000000000000000e+00
1.577426557569376600e-26
0.000000000000000000e+00
0.000000000000000000e+00
0.000000000000000000e+00
0.000000000000000000e+00
0.000000000000000000e+00
0.000000000000000000e+00
0.000000000000000000e+00
0.000000000000000000e+00
0.000000000000000000e+00
0.000000000000000000e+00
0.000000000000000000e+00
0.000000000000000000e+00
0.000000000000000000e+00
0.000000000000000000e+00
0.000000000000000000e+00
0.000000000000000000e+00
0.000000000000000000e+00
0.000000000000000000e+00
0.000000000000000000e+00
0.000000000000000000e+00
0.000000000000000000e+00
0.000000000000000000e+00
0.000000000000000000e+00
0.000000000000000000e+00
0.000000000000000000e+00
0.000000000000000000e+00
0.000000000000000000e+00
0.000000000000000000e+00
0.000000000000000000e+00
0.000000000000000000e+00
0.000000000000000000e+00
0.000000000000000000e+00
0.000000000000000000e+00
0.000000000000000000e+00
0.000000000000000000e+00
0.000000000000000000e+00
0.000000000000000000e+00
0.000000000000000000e+00
0.000000000000000000e+00
0.000000000000000000e+00
0.000000000000000000e+00
0.000000000000000000e+00
0.000000000000000000e+00
0.000000000000000000e+00
0.000000000000000000e+00
0.000000000000000000e+00
0.000000000000000000e+00
0.000000000000000000e+00
0.000000000000000000e+00
0.000000000000000000e+00
0.000000000000000000e+00
0.000000000000000000e+00
0.000000000000000000e+00
0.000000000000000000e+00
0.000000000000000000e+00
0.000000000000000000e+00
0.000000000000000000e+00
0.000000000000000000e+00
0.000000000000000000e+00
0.000000000000000000e+00
0.000000000000000000e+00
0.000000000000000000e+00
0.000000000000000000e+00
0.000000000000000000e+00
0.000000000000000000e+00
0.000000000000000000e+00
0.000000000000000000e+00
0.000000000000000000e+00
0.000000000000000000e+00
0.000000000000000000e+00
0.000000000000000000e+00
0.000000000000000000e+00
0.000000000000000000e+00
0.000000000000000000e+00
0.000000000000000000e+00
0.000000000000000000e+00
0.000000000000000000e+00
0.000000000000000000e+00
0.000000000000000000e+00
-1.806806215277715562e-14
1.180921472144774498e-13
-1.963695851390006419e-13
-1.882256087910456256e-14
-1.118443040808154182e-13
-2.222040005331360344e-15
0.000000000000000000e+00
0.000000000000000000e+00
0.000000000000000000e+00
0.000000000000000000e+00
0.000000000000000000e+00
0.000000000000000000e+00
0.000000000000000000e+00
0.000000000000000000e+00
0.000000000000000000e+00
0.000000000000000000e+00
0.000000000000000000e+00
0.000000000000000000e+00
0.000000000000000000e+00
0.000000000000000000e+00
0.000000000000000000e+00
5.391717561661125235e-26
0.000000000000000000e+00
0.000000000000000000e+00
5.391717561661128679e-26
0.000000000000000000e+00
5.391717561661129827e-26
2.752554700948635464e-26
0.000000000000000000e+00
0.000000000000000000e+00
2.752554700948633742e-26
0.000000000000000000e+00
2.752554700948631447e-26
1.577426557569380044e-26
0.000000000000000000e+00
0.000000000000000000e+00
1.577426557569377748e-26
0.000000000000000000e+00
1.577426557569377174e-26
0.000000000000000000e+00
0.000000000000000000e+00
0.000000000000000000e+00
0.000000000000000000e+00
0.000000000000000000e+00
0.000000000000000000e+00
0.000000000000000000e+00
0.000000000000000000e+00
0.000000000000000000e+00
0.000000000000000000e+00
0.000000000000000000e+00
0.000000000000000000e+00
0.000000000000000000e+00
0.000000000000000000e+00
0.000000000000000000e+00
0.000000000000000000e+00
0.000000000000000000e+00
0.000000000000000000e+00
0.000000000000000000e+00
0.000000000000000000e+00
-7.649584110627521493e-15
7.380719084022236806e-14
-9.655168815230253668e-14
-8.274157823105759515e-15
-5.493896421190702949e-14
-1.103043585074234196e-15
0.000000000000000000e+00
0.000000000000000000e+00
0.000000000000000000e+00
0.000000000000000000e+00
0.000000000000000000e+00
0.000000000000000000e+00
0.000000000000000000e+00
0.000000000000000000e+00
0.000000000000000000e+00
0.000000000000000000e+00
0.000000000000000000e+00
0.000000000000000000e+00
0.000000000000000000e+00
0.000000000000000000e+00
0.000000000000000000e+00
2.752554700948632595e-26
0.000000000000000000e+00
0.000000000000000000e+00
2.752554700948634316e-26
0.000000000000000000e+00
2.752554700948635464e-26
1.416913197385182351e-26
0.000000000000000000e+00
0.000000000000000000e+00
1.416913197385181490e-26
0.000000000000000000e+00
1.416913197385180342e-26
7.978832415019776097e-27
0.000000000000000000e+00
0.000000000000000000e+00
7.978832415019764618e-27
0.000000000000000000e+00
7.978832415019761748e-27
0.000000000000000000e+00
0.000000000000000000e+00
0.000000000000000000e+00
0.000000000000000000e+00
0.000000000000000000e+00
0.000000000000000000e+00
0.000000000000000000e+00
0.000000000000000000e+00
0.000000000000000000e+00
0.000000000000000000e+00
0.000000000000000000e+00
0.000000000000000000e+00
0.000000000000000000e+00
0.000000000000000000e+00
0.000000000000000000e+00
0.000000000000000000e+00
0.000000000000000000e+00
0.000000000000000000e+00
0.000000000000000000e+00
0.000000000000000000e+00
0.000000000000000000e+00
0.000000000000000000e+00
0.000000000000000000e+00
0.000000000000000000e+00
0.000000000000000000e+00
0.000000000000000000e+00
0.000000000000000000e+00
0.000000000000000000e+00
0.000000000000000000e+00
0.000000000000000000e+00
0.000000000000000000e+00
0.000000000000000000e+00
0.000000000000000000e+00
0.000000000000000000e+00
0.000000000000000000e+00
0.000000000000000000e+00
0.000000000000000000e+00
0.000000000000000000e+00
0.000000000000000000e+00
0.000000000000000000e+00
0.000000000000000000e+00
0.000000000000000000e+00
0.000000000000000000e+00
0.000000000000000000e+00
0.000000000000000000e+00
0.000000000000000000e+00
0.000000000000000000e+00
0.000000000000000000e+00
0.000000000000000000e+00
0.000000000000000000e+00
0.000000000000000000e+00
0.000000000000000000e+00
0.000000000000000000e+00
0.000000000000000000e+00
0.000000000000000000e+00
0.000000000000000000e+00
0.000000000000000000e+00
0.000000000000000000e+00
0.000000000000000000e+00
0.000000000000000000e+00
0.000000000000000000e+00
0.000000000000000000e+00
0.000000000000000000e+00
0.000000000000000000e+00
0.000000000000000000e+00
0.000000000000000000e+00
0.000000000000000000e+00
0.000000000000000000e+00
0.000000000000000000e+00
0.000000000000000000e+00
0.000000000000000000e+00
0.000000000000000000e+00
0.000000000000000000e+00
0.000000000000000000e+00
0.000000000000000000e+00
0.000000000000000000e+00
0.000000000000000000e+00
0.000000000000000000e+00
0.000000000000000000e+00
0.000000000000000000e+00
0.000000000000000000e+00
0.000000000000000000e+00
0.000000000000000000e+00
0.000000000000000000e+00
0.000000000000000000e+00
0.000000000000000000e+00
0.000000000000000000e+00
0.000000000000000000e+00
0.000000000000000000e+00
0.000000000000000000e+00
0.000000000000000000e+00
0.000000000000000000e+00
0.000000000000000000e+00
0.000000000000000000e+00
0.000000000000000000e+00
0.000000000000000000e+00
0.000000000000000000e+00
0.000000000000000000e+00
0.000000000000000000e+00
0.000000000000000000e+00
0.000000000000000000e+00
0.000000000000000000e+00
0.000000000000000000e+00
0.000000000000000000e+00
0.000000000000000000e+00
0.000000000000000000e+00
0.000000000000000000e+00
0.000000000000000000e+00
0.000000000000000000e+00
0.000000000000000000e+00
0.000000000000000000e+00
0.000000000000000000e+00
0.000000000000000000e+00
0.000000000000000000e+00
0.000000000000000000e+00
0.000000000000000000e+00
0.000000000000000000e+00
0.000000000000000000e+00
0.000000000000000000e+00
0.000000000000000000e+00
0.000000000000000000e+00
0.000000000000000000e+00
0.000000000000000000e+00
0.000000000000000000e+00
0.000000000000000000e+00
0.000000000000000000e+00
0.000000000000000000e+00
0.000000000000000000e+00
0.000000000000000000e+00
0.000000000000000000e+00
0.000000000000000000e+00
0.000000000000000000e+00
0.000000000000000000e+00
0.000000000000000000e+00
0.000000000000000000e+00
0.000000000000000000e+00
0.000000000000000000e+00
0.000000000000000000e+00
-7.649584110627516760e-15
7.380719084022235544e-14
-9.655168815230247357e-14
-8.274157823105753204e-15
-5.493896421190699163e-14
-1.103043585074233407e-15
0.000000000000000000e+00
0.000000000000000000e+00
0.000000000000000000e+00
0.000000000000000000e+00
0.000000000000000000e+00
0.000000000000000000e+00
0.000000000000000000e+00
0.000000000000000000e+00
0.000000000000000000e+00
0.000000000000000000e+00
0.000000000000000000e+00
0.000000000000000000e+00
0.000000000000000000e+00
0.000000000000000000e+00
0.000000000000000000e+00
2.752554700948630873e-26
0.000000000000000000e+00
0.000000000000000000e+00
2.752554700948632595e-26
0.000000000000000000e+00
2.752554700948633742e-26
1.416913197385181490e-26
0.000000000000000000e+00
0.000000000000000000e+00
1.416913197385180629e-26
0.000000000000000000e+00
1.416913197385179481e-26
7.978832415019771793e-27
0.000000000000000000e+00
0.000000000000000000e+00
7.978832415019760313e-27
0.000000000000000000e+00
7.978832415019757443e-27
0.000000000000000000e+00
0.000000000000000000e+00
0.000000000000000000e+00
0.000000000000000000e+00
0.000000000000000000e+00
0.000000000000000000e+00
0.000000000000000000e+00
0.000000000000000000e+00
0.000000000000000000e+00
0.000000000000000000e+00
0.000000000000000000e+00
0.000000000000000000e+00
0.000000000000000000e+00
0.000000000000000000e+00
0.000000000000000000e+00
0.000000000000000000e+00
0.000000000000000000e+00
0.000000000000000000e+00
0.000000000000000000e+00
0.000000000000000000e+00
0.000000000000000000e+00
0.000000000000000000e+00
0.000000000000000000e+00
0.000000000000000000e+00
0.000000000000000000e+00
0.000000000000000000e+00
0.000000000000000000e+00
0.000000000000000000e+00
0.000000000000000000e+00
0.000000000000000000e+00
0.000000000000000000e+00
0.000000000000000000e+00
0.000000000000000000e+00
0.000000000000000000e+00
0.000000000000000000e+00
0.000000000000000000e+00
0.000000000000000000e+00
0.000000000000000000e+00
0.000000000000000000e+00
0.000000000000000000e+00
0.000000000000000000e+00
0.000000000000000000e+00
0.000000000000000000e+00
0.000000000000000000e+00
0.000000000000000000e+00
0.000000000000000000e+00
0.000000000000000000e+00
0.000000000000000000e+00
0.000000000000000000e+00
0.000000000000000000e+00
0.000000000000000000e+00
0.000000000000000000e+00
0.000000000000000000e+00
0.000000000000000000e+00
0.000000000000000000e+00
0.000000000000000000e+00
0.000000000000000000e+00
0.000000000000000000e+00
0.000000000000000000e+00
0.000000000000000000e+00
0.000000000000000000e+00
0.000000000000000000e+00
0.000000000000000000e+00
0.000000000000000000e+00
0.000000000000000000e+00
0.000000000000000000e+00
0.000000000000000000e+00
0.000000000000000000e+00
0.000000000000000000e+00
0.000000000000000000e+00
0.000000000000000000e+00
0.000000000000000000e+00
0.000000000000000000e+00
0.000000000000000000e+00
0.000000000000000000e+00
0.000000000000000000e+00
0.000000000000000000e+00
0.000000000000000000e+00
0.000000000000000000e+00
-7.649584110627510449e-15
7.380719084022230495e-14
-9.655168815230239784e-14
-8.274157823105745315e-15
-5.493896421190694745e-14
-1.103043585074232618e-15
0.000000000000000000e+00
0.000000000000000000e+00
0.000000000000000000e+00
0.000000000000000000e+00
0.000000000000000000e+00
0.000000000000000000e+00
0.000000000000000000e+00
0.000000000000000000e+00
0.000000000000000000e+00
0.000000000000000000e+00
0.000000000000000000e+00
0.000000000000000000e+00
0.000000000000000000e+00
0.000000000000000000e+00
0.000000000000000000e+00
2.752554700948628577e-26
0.000000000000000000e+00
0.000000000000000000e+00
2.752554700948630299e-26
0.000000000000000000e+00
2.752554700948631447e-26
1.416913197385180342e-26
0.000000000000000000e+00
0.000000000000000000e+00
1.416913197385179481e-26
0.000000000000000000e+00
1.416913197385178333e-26
7.978832415019764618e-27
0.000000000000000000e+00
0.000000000000000000e+00
7.978832415019753138e-27
0.000000000000000000e+00
7.978832415019748834e-27
0.000000000000000000e+00
0.000000000000000000e+00
0.000000000000000000e+00
0.000000000000000000e+00
0.000000000000000000e+00
0.000000000000000000e+00
0.000000000000000000e+00
0.000000000000000000e+00
0.000000000000000000e+00
0.000000000000000000e+00
0.000000000000000000e+00
0.000000000000000000e+00
0.000000000000000000e+00
0.000000000000000000e+00
0.000000000000000000e+00
0.000000000000000000e+00
0.000000000000000000e+00
0.000000000000000000e+00
0.000000000000000000e+00
0.000000000000000000e+00
-6.330936752669280553e-15
2.597620118982892538e-14
-5.979416234923167481e-14
-6.353174872769169755e-15
-3.408999649750779316e-14
-6.699493662467160565e-16
0.000000000000000000e+00
0.000000000000000000e+00
0.000000000000000000e+00
0.000000000000000000e+00
0.000000000000000000e+00
0.000000000000000000e+00
0.000000000000000000e+00
0.000000000000000000e+00
0.000000000000000000e+00
0.000000000000000000e+00
0.000000000000000000e+00
0.000000000000000000e+00
0.000000000000000000e+00
0.000000000000000000e+00
0.000000000000000000e+00
1.577426557569378322e-26
0.000000000000000000e+00
0.000000000000000000e+00
1.577426557569379757e-26
0.000000000000000000e+00
1.577426557569380044e-26
7.978832415019776097e-27
0.000000000000000000e+00
0.000000000000000000e+00
7.978832415019771793e-27
0.000000000000000000e+00
7.978832415019764618e-27
4.662050729567894326e-27
0.000000000000000000e+00
0.000000000000000000e+00
4.662050729567887868e-27
0.000000000000000000e+00
4.662050729567886433e-27
0.000000000000000000e+00
0.000000000000000000e+00
0.000000000000000000e+00
0.000000000000000000e+00
0.000000000000000000e+00
0.000000000000000000e+00
0.000000000000000000e+00
0.000000000000000000e+00
0.000000000000000000e+00
0.000000000000000000e+00
0.000000000000000000e+00
0.000000000000000000e+00
0.000000000000000000e+00
0.000000000000000000e+00
0.000000000000000000e+00
0.000000000000000000e+00
0.000000000000000000e+00
0.000000000000000000e+00
0.000000000000000000e+00
0.000000000000000000e+00
0.000000000000000000e+00
0.000000000000000000e+00
0.000000000000000000e+00
0.000000000000000000e+00
0.000000000000000000e+00
0.000000000000000000e+00
0.000000000000000000e+00
0.000000000000000000e+00
0.000000000000000000e+00
0.000000000000000000e+00
0.000000000000000000e+00
0.000000000000000000e+00
0.000000000000000000e+00
0.000000000000000000e+00
0.000000000000000000e+00
0.000000000000000000e+00
0.000000000000000000e+00
0.000000000000000000e+00
0.000000000000000000e+00
0.000000000000000000e+00
0.000000000000000000e+00
0.000000000000000000e+00
0.000000000000000000e+00
0.000000000000000000e+00
0.000000000000000000e+00
0.000000000000000000e+00
0.000000000000000000e+00
0.000000000000000000e+00
0.000000000000000000e+00
0.000000000000000000e+00
0.000000000000000000e+00
0.000000000000000000e+00
0.000000000000000000e+00
0.000000000000000000e+00
0.000000000000000000e+00
0.000000000000000000e+00
0.000000000000000000e+00
0.000000000000000000e+00
0.000000000000000000e+00
0.000000000000000000e+00
0.000000000000000000e+00
0.000000000000000000e+00
0.000000000000000000e+00
0.000000000000000000e+00
0.000000000000000000e+00
0.000000000000000000e+00
0.000000000000000000e+00
0.000000000000000000e+00
0.000000000000000000e+00
0.000000000000000000e+00
0.000000000000000000e+00
0.000000000000000000e+00
0.000000000000000000e+00
0.000000000000000000e+00
0.000000000000000000e+00
0.000000000000000000e+00
0.000000000000000000e+00
0.000000000000000000e+00
0.000000000000000000e+00
0.000000000000000000e+00
0.000000000000000000e+00
0.000000000000000000e+00
0.000000000000000000e+00
0.000000000000000000e+00
0.000000000000000000e+00
0.000000000000000000e+00
0.000000000000000000e+00
0.000000000000000000e+00
0.000000000000000000e+00
0.000000000000000000e+00
0.000000000000000000e+00
0.000000000000000000e+00
0.000000000000000000e+00
0.000000000000000000e+00
0.000000000000000000e+00
0.000000000000000000e+00
0.000000000000000000e+00
0.000000000000000000e+00
0.000000000000000000e+00
0.000000000000000000e+00
0.000000000000000000e+00
0.000000000000000000e+00
0.000000000000000000e+00
0.000000000000000000e+00
0.000000000000000000e+00
0.000000000000000000e+00
0.000000000000000000e+00
0.000000000000000000e+00
0.000000000000000000e+00
0.000000000000000000e+00
0.000000000000000000e+00
0.000000000000000000e+00
0.000000000000000000e+00
0.000000000000000000e+00
0.000000000000000000e+00
0.000000000000000000e+00
0.000000000000000000e+00
0.000000000000000000e+00
0.000000000000000000e+00
0.000000000000000000e+00
0.000000000000000000e+00
0.000000000000000000e+00
0.000000000000000000e+00
0.000000000000000000e+00
0.000000000000000000e+00
0.000000000000000000e+00
0.000000000000000000e+00
0.000000000000000000e+00
0.000000000000000000e+00
0.000000000000000000e+00
0.000000000000000000e+00
0.000000000000000000e+00
0.000000000000000000e+00
0.000000000000000000e+00
0.000000000000000000e+00
0.000000000000000000e+00
0.000000000000000000e+00
0.000000000000000000e+00
-6.330936752669274242e-15
2.597620118982886227e-14
-5.979416234923159908e-14
-6.353174872769162655e-15
-3.408999649750774898e-14
-6.699493662467151691e-16
0.000000000000000000e+00
0.000000000000000000e+00
0.000000000000000000e+00
0.000000000000000000e+00
0.000000000000000000e+00
0.000000000000000000e+00
0.000000000000000000e+00
0.000000000000000000e+00
0.000000000000000000e+00
0.000000000000000000e+00
0.000000000000000000e+00
0.000000000000000000e+00
0.000000000000000000e+00
0.000000000000000000e+00
0.000000000000000000e+00
1.577426557569376313e-26
0.000000000000000000e+00
0.000000000000000000e+00
1.577426557569377174e-26
0.000000000000000000e+00
1.577426557569377748e-26
7.978832415019764618e-27
0.000000000000000000e+00
0.000000000000000000e+00
7.978832415019760313e-27
0.000000000000000000e+00
7.978832415019753138e-27
4.662050729567887868e-27
0.000000000000000000e+00
0.000000000000000000e+00
4.662050729567881411e-27
0.000000000000000000e+00
4.662050729567878541e-27
0.000000000000000000e+00
0.000000000000000000e+00
0.000000000000000000e+00
0.000000000000000000e+00
0.000000000000000000e+00
0.000000000000000000e+00
0.000000000000000000e+00
0.000000000000000000e+00
0.000000000000000000e+00
0.000000000000000000e+00
0.000000000000000000e+00
0.000000000000000000e+00
0.000000000000000000e+00
0.000000000000000000e+00
0.000000000000000000e+00
0.000000000000000000e+00
0.000000000000000000e+00
0.000000000000000000e+00
0.000000000000000000e+00
0.000000000000000000e+00
0.000000000000000000e+00
0.000000000000000000e+00
0.000000000000000000e+00
0.000000000000000000e+00
0.000000000000000000e+00
0.000000000000000000e+00
0.000000000000000000e+00
0.000000000000000000e+00
0.000000000000000000e+00
0.000000000000000000e+00
0.000000000000000000e+00
0.000000000000000000e+00
0.000000000000000000e+00
0.000000000000000000e+00
0.000000000000000000e+00
0.000000000000000000e+00
0.000000000000000000e+00
0.000000000000000000e+00
0.000000000000000000e+00
0.000000000000000000e+00
0.000000000000000000e+00
0.000000000000000000e+00
0.000000000000000000e+00
0.000000000000000000e+00
0.000000000000000000e+00
0.000000000000000000e+00
0.000000000000000000e+00
0.000000000000000000e+00
0.000000000000000000e+00
0.000000000000000000e+00
0.000000000000000000e+00
0.000000000000000000e+00
0.000000000000000000e+00
0.000000000000000000e+00
0.000000000000000000e+00
0.000000000000000000e+00
0.000000000000000000e+00
0.000000000000000000e+00
0.000000000000000000e+00
0.000000000000000000e+00
0.000000000000000000e+00
0.000000000000000000e+00
0.000000000000000000e+00
0.000000000000000000e+00
0.000000000000000000e+00
0.000000000000000000e+00
0.000000000000000000e+00
0.000000000000000000e+00
0.000000000000000000e+00
0.000000000000000000e+00
0.000000000000000000e+00
0.000000000000000000e+00
0.000000000000000000e+00
0.000000000000000000e+00
0.000000000000000000e+00
0.000000000000000000e+00
0.000000000000000000e+00
0.000000000000000000e+00
0.000000000000000000e+00
-6.330936752669272664e-15
2.597620118982885280e-14
-5.979416234923157384e-14
-6.353174872769160288e-15
-3.408999649750773636e-14
-6.699493662467149719e-16
0.000000000000000000e+00
0.000000000000000000e+00
0.000000000000000000e+00
0.000000000000000000e+00
0.000000000000000000e+00
0.000000000000000000e+00
0.000000000000000000e+00
0.000000000000000000e+00
0.000000000000000000e+00
0.000000000000000000e+00
0.000000000000000000e+00
0.000000000000000000e+00
0.000000000000000000e+00
0.000000000000000000e+00
0.000000000000000000e+00
1.577426557569375739e-26
0.000000000000000000e+00
0.000000000000000000e+00
1.577426557569376600e-26
0.000000000000000000e+00
1.577426557569377174e-26
7.978832415019761748e-27
0.000000000000000000e+00
0.000000000000000000e+00
7.978832415019757443e-27
0.000000000000000000e+00
7.978832415019748834e-27
4.662050729567886433e-27
0.000000000000000000e+00
0.000000000000000000e+00
4.662050729567878541e-27
0.000000000000000000e+00
4.662050729567877106e-27
0.000000000000000000e+00
0.000000000000000000e+00
0.000000000000000000e+00
0.000000000000000000e+00
0.000000000000000000e+00
0.000000000000000000e+00
0.000000000000000000e+00
0.000000000000000000e+00
0.000000000000000000e+00
0.000000000000000000e+00
0.000000000000000000e+00
0.000000000000000000e+00
0.000000000000000000e+00
0.000000000000000000e+00
0.000000000000000000e+00
0.000000000000000000e+00
0.000000000000000000e+00
0.000000000000000000e+00
0.000000000000000000e+00
0.000000000000000000e+00
0.000000000000000000e+00
0.000000000000000000e+00
0.000000000000000000e+00
0.000000000000000000e+00
0.000000000000000000e+00
0.000000000000000000e+00
-2.102119355898593506e-13
0.000000000000000000e+00
0.000000000000000000e+00
4.351898747006337514e-14
0.000000000000000000e+00
0.000000000000000000e+00
-4.431658462288824098e-15
0.000000000000000000e+00
0.000000000000000000e+00
3.844941851383027486e-14
0.000000000000000000e+00
0.000000000000000000e+00
8.351394485526123866e-15
0.000000000000000000e+00
0.000000000000000000e+00
0.000000000000000000e+00
0.000000000000000000e+00
0.000000000000000000e+00
0.000000000000000000e+00
0.000000000000000000e+00
0.000000000000000000e+00
0.000000000000000000e+00
0.000000000000000000e+00
0.000000000000000000e+00
0.000000000000000000e+00
0.000000000000000000e+00
0.000000000000000000e+00
0.000000000000000000e+00
0.000000000000000000e+00
0.000000000000000000e+00
0.000000000000000000e+00
0.000000000000000000e+00
0.000000000000000000e+00
3.104091828741728357e-26
0.000000000000000000e+00
0.000000000000000000e+00
3.110692792971626975e-26
0.000000000000000000e+00
3.106412607197150470e-26
0.000000000000000000e+00
0.000000000000000000e+00
0.000000000000000000e+00
0.000000000000000000e+00
1.130642239737290875e-26
0.000000000000000000e+00
0.000000000000000000e+00
1.125439154884382099e-26
0.000000000000000000e+00
1.126383009789660138e-26
0.000000000000000000e+00
0.000000000000000000e+00
0.000000000000000000e+00
0.000000000000000000e+00
0.000000000000000000e+00
0.000000000000000000e+00
0.000000000000000000e+00
0.000000000000000000e+00
0.000000000000000000e+00
0.000000000000000000e+00
0.000000000000000000e+00
-2.103085379731298705e-13
0.000000000000000000e+00
0.000000000000000000e+00
4.384993892673888111e-14
0.000000000000000000e+00
0.000000000000000000e+00
-4.345135957691506020e-15
0.000000000000000000e+00
0.000000000000000000e+00
3.874582199547896892e-14
0.000000000000000000e+00
0.000000000000000000e+00
8.414048164362461410e-15
0.000000000000000000e+00
0.000000000000000000e+00
0.000000000000000000e+00
0.000000000000000000e+00
0.000000000000000000e+00
0.000000000000000000e+00
0.000000000000000000e+00
0.000000000000000000e+00
0.000000000000000000e+00
0.000000000000000000e+00
0.000000000000000000e+00
0.000000000000000000e+00
0.000000000000000000e+00
0.000000000000000000e+00
0.000000000000000000e+00
0.000000000000000000e+00
0.000000000000000000e+00
0.000000000000000000e+00
0.000000000000000000e+00
0.000000000000000000e+00
3.117336896882057497e-26
0.000000000000000000e+00
0.000000000000000000e+00
0.000000000000000000e+00
0.000000000000000000e+00
3.110692792972171675e-26
0.000000000000000000e+00
3.113020107336193936e-26
0.000000000000000000e+00
0.000000000000000000e+00
1.127836626226601586e-26
0.000000000000000000e+00
0.000000000000000000e+00
0.000000000000000000e+00
0.000000000000000000e+00
1.133077080463750263e-26
0.000000000000000000e+00
1.128791587878532393e-26
0.000000000000000000e+00
0.000000000000000000e+00
0.000000000000000000e+00
0.000000000000000000e+00
0.000000000000000000e+00
0.000000000000000000e+00
0.000000000000000000e+00
0.000000000000000000e+00
0.000000000000000000e+00
-2.106567346796120789e-13
0.000000000000000000e+00
0.000000000000000000e+00
8.429282305427438716e-15
0.000000000000000000e+00
0.000000000000000000e+00
-1.446078840591686299e-14
0.000000000000000000e+00
0.000000000000000000e+00
6.994226730138704482e-15
0.000000000000000000e+00
0.000000000000000000e+00
1.714524432830712670e-15
0.000000000000000000e+00
0.000000000000000000e+00
0.000000000000000000e+00
0.000000000000000000e+00
0.000000000000000000e+00
0.000000000000000000e+00
0.000000000000000000e+00
0.000000000000000000e+00
0.000000000000000000e+00
0.000000000000000000e+00
0.000000000000000000e+00
0.000000000000000000e+00
0.000000000000000000e+00
0.000000000000000000e+00
0.000000000000000000e+00
0.000000000000000000e+00
0.000000000000000000e+00
0.000000000000000000e+00
0.000000000000000000e+00
0.000000000000000000e+00
2.426825045201568267e-26
0.000000000000000000e+00
0.000000000000000000e+00
0.000000000000000000e+00
0.000000000000000000e+00
2.426825045201569702e-26
0.000000000000000000e+00
2.424467058347491697e-26
0.000000000000000000e+00
0.000000000000000000e+00
8.741767283945601179e-27
0.000000000000000000e+00
0.000000000000000000e+00
0.000000000000000000e+00
0.000000000000000000e+00
8.741767283945588264e-27
0.000000000000000000e+00
8.762174220083637027e-27
0.000000000000000000e+00
0.000000000000000000e+00
0.000000000000000000e+00
0.000000000000000000e+00
0.000000000000000000e+00
0.000000000000000000e+00
-2.103085379731114680e-13
0.000000000000000000e+00
0.000000000000000000e+00
4.384993892673506302e-14
0.000000000000000000e+00
0.000000000000000000e+00
-4.345135957691122633e-15
0.000000000000000000e+00
0.000000000000000000e+00
3.874582199547559890e-14
0.000000000000000000e+00
0.000000000000000000e+00
8.414048164361729347e-15
0.000000000000000000e+00
0.000000000000000000e+00
0.000000000000000000e+00
0.000000000000000000e+00
0.000000000000000000e+00
0.000000000000000000e+00
0.000000000000000000e+00
0.000000000000000000e+00
0.000000000000000000e+00
0.000000000000000000e+00
0.000000000000000000e+00
0.000000000000000000e+00
0.000000000000000000e+00
0.000000000000000000e+00
0.000000000000000000e+00
0.000000000000000000e+00
0.000000000000000000e+00
0.000000000000000000e+00
0.000000000000000000e+00
0.000000000000000000e+00
3.110692792971626975e-26
0.000000000000000000e+00
0.000000000000000000e+00
3.117336896881513372e-26
0.000000000000000000e+00
3.113020107335648089e-26
0.000000000000000000e+00
0.000000000000000000e+00
0.000000000000000000e+00
0.000000000000000000e+00
1.133077080463535023e-26
0.000000000000000000e+00
0.000000000000000000e+00
1.127836626226385916e-26
0.000000000000000000e+00
1.128791587878318301e-26
0.000000000000000000e+00
0.000000000000000000e+00
0.000000000000000000e+00
0.000000000000000000e+00
0.000000000000000000e+00
0.000000000000000000e+00
0.000000000000000000e+00
0.000000000000000000e+00
0.000000000000000000e+00
0.000000000000000000e+00
0.000000000000000000e+00
0.000000000000000000e+00
0.000000000000000000e+00
0.000000000000000000e+00
0.000000000000000000e+00
0.000000000000000000e+00
0.000000000000000000e+00
0.000000000000000000e+00
0.000000000000000000e+00
0.000000000000000000e+00
0.000000000000000000e+00
0.000000000000000000e+00
0.000000000000000000e+00
0.000000000000000000e+00
0.000000000000000000e+00
0.000000000000000000e+00
0.000000000000000000e+00
0.000000000000000000e+00
0.000000000000000000e+00
0.000000000000000000e+00
0.000000000000000000e+00
0.000000000000000000e+00
0.000000000000000000e+00
0.000000000000000000e+00
0.000000000000000000e+00
0.000000000000000000e+00
0.000000000000000000e+00
0.000000000000000000e+00
0.000000000000000000e+00
0.000000000000000000e+00
0.000000000000000000e+00
0.000000000000000000e+00
0.000000000000000000e+00
0.000000000000000000e+00
0.000000000000000000e+00
0.000000000000000000e+00
0.000000000000000000e+00
0.000000000000000000e+00
0.000000000000000000e+00
0.000000000000000000e+00
0.000000000000000000e+00
0.000000000000000000e+00
0.000000000000000000e+00
0.000000000000000000e+00
0.000000000000000000e+00
0.000000000000000000e+00
0.000000000000000000e+00
0.000000000000000000e+00
0.000000000000000000e+00
0.000000000000000000e+00
0.000000000000000000e+00
0.000000000000000000e+00
0.000000000000000000e+00
0.000000000000000000e+00
0.000000000000000000e+00
0.000000000000000000e+00
0.000000000000000000e+00
0.000000000000000000e+00
0.000000000000000000e+00
-2.103498270515198564e-13
0.000000000000000000e+00
0.000000000000000000e+00
4.356463729569525617e-14
0.000000000000000000e+00
0.000000000000000000e+00
-4.429694564484292013e-15
0.000000000000000000e+00
0.000000000000000000e+00
3.848997082266180365e-14
0.000000000000000000e+00
0.000000000000000000e+00
8.360107674293633931e-15
0.000000000000000000e+00
0.000000000000000000e+00
0.000000000000000000e+00
0.000000000000000000e+00
0.000000000000000000e+00
0.000000000000000000e+00
0.000000000000000000e+00
0.000000000000000000e+00
0.000000000000000000e+00
0.000000000000000000e+00
0.000000000000000000e+00
0.000000000000000000e+00
0.000000000000000000e+00
0.000000000000000000e+00
0.000000000000000000e+00
0.000000000000000000e+00
0.000000000000000000e+00
0.000000000000000000e+00
0.000000000000000000e+00
0.000000000000000000e+00
3.106412607197150470e-26
0.000000000000000000e+00
0.000000000000000000e+00
3.113020107335648089e-26
0.000000000000000000e+00
3.108735208826459036e-26
0.000000000000000000e+00
0.000000000000000000e+00
0.000000000000000000e+00
0.000000000000000000e+00
1.131489242879145622e-26
0.000000000000000000e+00
0.000000000000000000e+00
1.126280821120021037e-26
0.000000000000000000e+00
1.127225882194174122e-26
0.000000000000000000e+00
0.000000000000000000e+00
0.000000000000000000e+00
0.000000000000000000e+00
0.000000000000000000e+00
0.000000000000000000e+00
0.000000000000000000e+00
0.000000000000000000e+00
0.000000000000000000e+00
0.000000000000000000e+00
0.000000000000000000e+00
-2.102119355898778037e-13
0.000000000000000000e+00
0.000000000000000000e+00
4.351898747006720585e-14
0.000000000000000000e+00
0.000000000000000000e+00
-4.431658462289210640e-15
0.000000000000000000e+00
0.000000000000000000e+00
3.844941851383366381e-14
0.000000000000000000e+00
0.000000000000000000e+00
8.351394485526859085e-15
0.000000000000000000e+00
0.000000000000000000e+00
0.000000000000000000e+00
0.000000000000000000e+00
0.000000000000000000e+00
0.000000000000000000e+00
0.000000000000000000e+00
0.000000000000000000e+00
0.000000000000000000e+00
0.000000000000000000e+00
0.000000000000000000e+00
0.000000000000000000e+00
0.000000000000000000e+00
0.000000000000000000e+00
0.000000000000000000e+00
0.000000000000000000e+00
0.000000000000000000e+00
0.000000000000000000e+00
0.000000000000000000e+00
0.000000000000000000e+00
3.110692792972171675e-26
0.000000000000000000e+00
0.000000000000000000e+00
0.000000000000000000e+00
0.000000000000000000e+00
3.104091828742273630e-26
0.000000000000000000e+00
3.106412607197696891e-26
0.000000000000000000e+00
0.000000000000000000e+00
1.125439154884597912e-26
0.000000000000000000e+00
0.000000000000000000e+00
0.000000000000000000e+00
0.000000000000000000e+00
1.130642239737506401e-26
0.000000000000000000e+00
1.126383009789874516e-26
0.000000000000000000e+00
0.000000000000000000e+00
0.000000000000000000e+00
0.000000000000000000e+00
0.000000000000000000e+00
0.000000000000000000e+00
0.000000000000000000e+00
0.000000000000000000e+00
0.000000000000000000e+00
-2.106567346796122051e-13
0.000000000000000000e+00
0.000000000000000000e+00
8.429282305427445027e-15
0.000000000000000000e+00
0.000000000000000000e+00
-1.446078840591686930e-14
0.000000000000000000e+00
0.000000000000000000e+00
6.994226730138710793e-15
0.000000000000000000e+00
0.000000000000000000e+00
1.714524432830714248e-15
0.000000000000000000e+00
0.000000000000000000e+00
0.000000000000000000e+00
0.000000000000000000e+00
0.000000000000000000e+00
0.000000000000000000e+00
0.000000000000000000e+00
0.000000000000000000e+00
0.000000000000000000e+00
0.000000000000000000e+00
0.000000000000000000e+00
0.000000000000000000e+00
0.000000000000000000e+00
0.000000000000000000e+00
0.000000000000000000e+00
0.000000000000000000e+00
0.000000000000000000e+00
0.000000000000000000e+00
0.000000000000000000e+00
0.000000000000000000e+00
2.426825045201569702e-26
0.000000000000000000e+00
0.000000000000000000e+00
0.000000000000000000e+00
0.000000000000000000e+00
2.426825045201571137e-26
0.000000000000000000e+00
2.424467058347493132e-26
0.000000000000000000e+00
0.000000000000000000e+00
8.741767283945606919e-27
0.000000000000000000e+00
0.000000000000000000e+00
0.000000000000000000e+00
0.000000000000000000e+00
8.741767283945592569e-27
0.000000000000000000e+00
8.762174220083642767e-27
0.000000000000000000e+00
0.000000000000000000e+00
0.000000000000000000e+00
0.000000000000000000e+00
0.000000000000000000e+00
0.000000000000000000e+00
0.000000000000000000e+00
-2.103498270515383599e-13
0.000000000000000000e+00
0.000000000000000000e+00
4.356463729569909950e-14
0.000000000000000000e+00
0.000000000000000000e+00
-4.429694564484678555e-15
0.000000000000000000e+00
0.000000000000000000e+00
3.848997082266519891e-14
0.000000000000000000e+00
0.000000000000000000e+00
8.360107674294370727e-15
0.000000000000000000e+00
0.000000000000000000e+00
0.000000000000000000e+00
0.000000000000000000e+00
0.000000000000000000e+00
0.000000000000000000e+00
0.000000000000000000e+00
0.000000000000000000e+00
0.000000000000000000e+00
0.000000000000000000e+00
0.000000000000000000e+00
0.000000000000000000e+00
0.000000000000000000e+00
0.000000000000000000e+00
0.000000000000000000e+00
0.000000000000000000e+00
0.000000000000000000e+00
0.000000000000000000e+00
0.000000000000000000e+00
0.000000000000000000e+00
3.113020107336193936e-26
0.000000000000000000e+00
0.000000000000000000e+00
0.000000000000000000e+00
0.000000000000000000e+00
3.106412607197696891e-26
0.000000000000000000e+00
3.108735208827006031e-26
0.000000000000000000e+00
0.000000000000000000e+00
1.126280821120237281e-26
0.000000000000000000e+00
0.000000000000000000e+00
0.000000000000000000e+00
0.000000000000000000e+00
1.131489242879361435e-26
0.000000000000000000e+00
1.127225882194388788e-26
0.000000000000000000e+00
0.000000000000000000e+00
0.000000000000000000e+00
0.000000000000000000e+00
0.000000000000000000e+00
0.000000000000000000e+00
0.000000000000000000e+00
0.000000000000000000e+00
0.000000000000000000e+00
-2.104900205284439771e-13
0.000000000000000000e+00
0.000000000000000000e+00
8.274256738652730758e-15
0.000000000000000000e+00
0.000000000000000000e+00
-1.449159541645144163e-14
0.000000000000000000e+00
0.000000000000000000e+00
6.855708123554286834e-15
0.000000000000000000e+00
0.000000000000000000e+00
1.685106676541011271e-15
0.000000000000000000e+00
0.000000000000000000e+00
0.000000000000000000e+00
0.000000000000000000e+00
0.000000000000000000e+00
0.000000000000000000e+00
0.000000000000000000e+00
0.000000000000000000e+00
0.000000000000000000e+00
0.000000000000000000e+00
0.000000000000000000e+00
0.000000000000000000e+00
0.000000000000000000e+00
0.000000000000000000e+00
0.000000000000000000e+00
0.000000000000000000e+00
0.000000000000000000e+00
0.000000000000000000e+00
0.000000000000000000e+00
0.000000000000000000e+00
2.424467058347491697e-26
0.000000000000000000e+00
0.000000000000000000e+00
0.000000000000000000e+00
0.000000000000000000e+00
2.424467058347493132e-26
0.000000000000000000e+00
2.422119871554175351e-26
0.000000000000000000e+00
0.000000000000000000e+00
8.734757612593100014e-27
0.000000000000000000e+00
0.000000000000000000e+00
0.000000000000000000e+00
0.000000000000000000e+00
8.734757612593087100e-27
0.000000000000000000e+00
8.755010098269470620e-27
0.000000000000000000e+00
0.000000000000000000e+00
0.000000000000000000e+00
0.000000000000000000e+00
0.000000000000000000e+00
0.000000000000000000e+00
-7.620101167651574709e-14
0.000000000000000000e+00
0.000000000000000000e+00
1.610122965482124963e-14
0.000000000000000000e+00
0.000000000000000000e+00
-1.513681214010899725e-15
0.000000000000000000e+00
0.000000000000000000e+00
1.422977749690998639e-14
0.000000000000000000e+00
0.000000000000000000e+00
3.088965779295261398e-15
0.000000000000000000e+00
0.000000000000000000e+00
0.000000000000000000e+00
0.000000000000000000e+00
0.000000000000000000e+00
0.000000000000000000e+00
0.000000000000000000e+00
0.000000000000000000e+00
0.000000000000000000e+00
0.000000000000000000e+00
0.000000000000000000e+00
0.000000000000000000e+00
0.000000000000000000e+00
0.000000000000000000e+00
0.000000000000000000e+00
0.000000000000000000e+00
0.000000000000000000e+00
0.000000000000000000e+00
0.000000000000000000e+00
0.000000000000000000e+00
1.130642239737290875e-26
0.000000000000000000e+00
0.000000000000000000e+00
1.133077080463535023e-26
0.000000000000000000e+00
1.131489242879145622e-26
0.000000000000000000e+00
0.000000000000000000e+00
0.000000000000000000e+00
0.000000000000000000e+00
4.118599234366093130e-27
0.000000000000000000e+00
0.000000000000000000e+00
4.099371807494021952e-27
0.000000000000000000e+00
4.102905059291164214e-27
0.000000000000000000e+00
0.000000000000000000e+00
0.000000000000000000e+00
0.000000000000000000e+00
0.000000000000000000e+00
0.000000000000000000e+00
0.000000000000000000e+00
0.000000000000000000e+00
0.000000000000000000e+00
0.000000000000000000e+00
0.000000000000000000e+00
-7.616538861028527809e-14
0.000000000000000000e+00
0.000000000000000000e+00
1.581279459923817758e-14
0.000000000000000000e+00
0.000000000000000000e+00
-1.592975995691134483e-15
0.000000000000000000e+00
0.000000000000000000e+00
1.397132263321930617e-14
0.000000000000000000e+00
0.000000000000000000e+00
3.034388743455169960e-15
0.000000000000000000e+00
0.000000000000000000e+00
0.000000000000000000e+00
0.000000000000000000e+00
0.000000000000000000e+00
0.000000000000000000e+00
0.000000000000000000e+00
0.000000000000000000e+00
0.000000000000000000e+00
0.000000000000000000e+00
0.000000000000000000e+00
0.000000000000000000e+00
0.000000000000000000e+00
0.000000000000000000e+00
0.000000000000000000e+00
0.000000000000000000e+00
0.000000000000000000e+00
0.000000000000000000e+00
0.000000000000000000e+00
0.000000000000000000e+00
1.127836626226601586e-26
0.000000000000000000e+00
0.000000000000000000e+00
0.000000000000000000e+00
0.000000000000000000e+00
1.125439154884597912e-26
0.000000000000000000e+00
1.126280821120237281e-26
0.000000000000000000e+00
0.000000000000000000e+00
4.080469356055642627e-27
0.000000000000000000e+00
0.000000000000000000e+00
0.000000000000000000e+00
0.000000000000000000e+00
4.099371807494869278e-27
0.000000000000000000e+00
4.083904538440159875e-27
0.000000000000000000e+00
0.000000000000000000e+00
0.000000000000000000e+00
0.000000000000000000e+00
0.000000000000000000e+00
0.000000000000000000e+00
0.000000000000000000e+00
0.000000000000000000e+00
0.000000000000000000e+00
-7.654376029821322642e-14
0.000000000000000000e+00
0.000000000000000000e+00
4.752469005623847055e-16
0.000000000000000000e+00
0.000000000000000000e+00
-5.991386210259260329e-15
0.000000000000000000e+00
0.000000000000000000e+00
2.219134289002226735e-16
0.000000000000000000e+00
0.000000000000000000e+00
1.335484824473028814e-16
0.000000000000000000e+00
0.000000000000000000e+00
0.000000000000000000e+00
0.000000000000000000e+00
0.000000000000000000e+00
0.000000000000000000e+00
0.000000000000000000e+00
0.000000000000000000e+00
0.000000000000000000e+00
0.000000000000000000e+00
0.000000000000000000e+00
0.000000000000000000e+00
0.000000000000000000e+00
0.000000000000000000e+00
0.000000000000000000e+00
0.000000000000000000e+00
0.000000000000000000e+00
0.000000000000000000e+00
0.000000000000000000e+00
0.000000000000000000e+00
8.741767283945601179e-27
0.000000000000000000e+00
0.000000000000000000e+00
0.000000000000000000e+00
0.000000000000000000e+00
8.741767283945606919e-27
0.000000000000000000e+00
8.734757612593100014e-27
0.000000000000000000e+00
0.000000000000000000e+00
3.174794482764225903e-27
0.000000000000000000e+00
0.000000000000000000e+00
0.000000000000000000e+00
0.000000000000000000e+00
3.174794482764220881e-27
0.000000000000000000e+00
3.179797269111658947e-27
0.000000000000000000e+00
0.000000000000000000e+00
0.000000000000000000e+00
0.000000000000000000e+00
0.000000000000000000e+00
0.000000000000000000e+00
-7.616538861027735162e-14
0.000000000000000000e+00
0.000000000000000000e+00
1.581279459923653044e-14
0.000000000000000000e+00
0.000000000000000000e+00
-1.592975995690969611e-15
0.000000000000000000e+00
0.000000000000000000e+00
1.397132263321785151e-14
0.000000000000000000e+00
0.000000000000000000e+00
3.034388743454854416e-15
0.000000000000000000e+00
0.000000000000000000e+00
0.000000000000000000e+00
0.000000000000000000e+00
0.000000000000000000e+00
0.000000000000000000e+00
0.000000000000000000e+00
0.000000000000000000e+00
0.000000000000000000e+00
0.000000000000000000e+00
0.000000000000000000e+00
0.000000000000000000e+00
0.000000000000000000e+00
0.000000000000000000e+00
0.000000000000000000e+00
0.000000000000000000e+00
0.000000000000000000e+00
0.000000000000000000e+00
0.000000000000000000e+00
0.000000000000000000e+00
1.125439154884382099e-26
0.000000000000000000e+00
0.000000000000000000e+00
1.127836626226385916e-26
0.000000000000000000e+00
1.126280821120021037e-26
0.000000000000000000e+00
0.000000000000000000e+00
0.000000000000000000e+00
0.000000000000000000e+00
4.099371807494021952e-27
0.000000000000000000e+00
0.000000000000000000e+00
4.080469356054794583e-27
0.000000000000000000e+00
4.083904538439316854e-27
0.000000000000000000e+00
0.000000000000000000e+00
0.000000000000000000e+00
0.000000000000000000e+00
0.000000000000000000e+00
0.000000000000000000e+00
0.000000000000000000e+00
0.000000000000000000e+00
0.000000000000000000e+00
0.000000000000000000e+00
0.000000000000000000e+00
0.000000000000000000e+00
0.000000000000000000e+00
0.000000000000000000e+00
0.000000000000000000e+00
0.000000000000000000e+00
0.000000000000000000e+00
0.000000000000000000e+00
0.000000000000000000e+00
0.000000000000000000e+00
0.000000000000000000e+00
0.000000000000000000e+00
0.000000000000000000e+00
0.000000000000000000e+00
0.000000000000000000e+00
0.000000000000000000e+00
0.000000000000000000e+00
0.000000000000000000e+00
0.000000000000000000e+00
0.000000000000000000e+00
0.000000000000000000e+00
0.000000000000000000e+00
0.000000000000000000e+00
0.000000000000000000e+00
0.000000000000000000e+00
0.000000000000000000e+00
0.000000000000000000e+00
0.000000000000000000e+00
0.000000000000000000e+00
0.000000000000000000e+00
0.000000000000000000e+00
0.000000000000000000e+00
0.000000000000000000e+00
0.000000000000000000e+00
0.000000000000000000e+00
0.000000000000000000e+00
0.000000000000000000e+00
0.000000000000000000e+00
0.000000000000000000e+00
0.000000000000000000e+00
0.000000000000000000e+00
0.000000000000000000e+00
0.000000000000000000e+00
0.000000000000000000e+00
0.000000000000000000e+00
0.000000000000000000e+00
0.000000000000000000e+00
0.000000000000000000e+00
0.000000000000000000e+00
0.000000000000000000e+00
0.000000000000000000e+00
0.000000000000000000e+00
0.000000000000000000e+00
0.000000000000000000e+00
0.000000000000000000e+00
0.000000000000000000e+00
0.000000000000000000e+00
0.000000000000000000e+00
0.000000000000000000e+00
-7.611973965011303065e-14
0.000000000000000000e+00
0.000000000000000000e+00
1.590057102772508938e-14
0.000000000000000000e+00
0.000000000000000000e+00
-1.564323474582217205e-15
0.000000000000000000e+00
0.000000000000000000e+00
1.405012612439163451e-14
0.000000000000000000e+00
0.000000000000000000e+00
3.050965383868220862e-15
0.000000000000000000e+00
0.000000000000000000e+00
0.000000000000000000e+00
0.000000000000000000e+00
0.000000000000000000e+00
0.000000000000000000e+00
0.000000000000000000e+00
0.000000000000000000e+00
0.000000000000000000e+00
0.000000000000000000e+00
0.000000000000000000e+00
0.000000000000000000e+00
0.000000000000000000e+00
0.000000000000000000e+00
0.000000000000000000e+00
0.000000000000000000e+00
0.000000000000000000e+00
0.000000000000000000e+00
0.000000000000000000e+00
0.000000000000000000e+00
1.126383009789660138e-26
0.000000000000000000e+00
0.000000000000000000e+00
1.128791587878318301e-26
0.000000000000000000e+00
1.127225882194174122e-26
0.000000000000000000e+00
0.000000000000000000e+00
0.000000000000000000e+00
0.000000000000000000e+00
4.102905059291164214e-27
0.000000000000000000e+00
0.000000000000000000e+00
4.083904538439316854e-27
0.000000000000000000e+00
4.087371042923730119e-27
0.000000000000000000e+00
0.000000000000000000e+00
0.000000000000000000e+00
0.000000000000000000e+00
0.000000000000000000e+00
0.000000000000000000e+00
0.000000000000000000e+00
0.000000000000000000e+00
0.000000000000000000e+00
0.000000000000000000e+00
0.000000000000000000e+00
-7.620101167652361046e-14
0.000000000000000000e+00
0.000000000000000000e+00
1.610122965482288731e-14
0.000000000000000000e+00
0.000000000000000000e+00
-1.513681214011062230e-15
0.000000000000000000e+00
0.000000000000000000e+00
1.422977749691143474e-14
0.000000000000000000e+00
0.000000000000000000e+00
3.088965779295575365e-15
0.000000000000000000e+00
0.000000000000000000e+00
0.000000000000000000e+00
0.000000000000000000e+00
0.000000000000000000e+00
0.000000000000000000e+00
0.000000000000000000e+00
0.000000000000000000e+00
0.000000000000000000e+00
0.000000000000000000e+00
0.000000000000000000e+00
0.000000000000000000e+00
0.000000000000000000e+00
0.000000000000000000e+00
0.000000000000000000e+00
0.000000000000000000e+00
0.000000000000000000e+00
0.000000000000000000e+00
0.000000000000000000e+00
0.000000000000000000e+00
1.133077080463750263e-26
0.000000000000000000e+00
0.000000000000000000e+00
0.000000000000000000e+00
0.000000000000000000e+00
1.130642239737506401e-26
0.000000000000000000e+00
1.131489242879361435e-26
0.000000000000000000e+00
0.000000000000000000e+00
4.099371807494869278e-27
0.000000000000000000e+00
0.000000000000000000e+00
0.000000000000000000e+00
0.000000000000000000e+00
4.118599234366939021e-27
0.000000000000000000e+00
4.102905059292005800e-27
0.000000000000000000e+00
0.000000000000000000e+00
0.000000000000000000e+00
0.000000000000000000e+00
0.000000000000000000e+00
0.000000000000000000e+00
0.000000000000000000e+00
0.000000000000000000e+00
0.000000000000000000e+00
-7.654376029821311282e-14
0.000000000000000000e+00
0.000000000000000000e+00
4.752469005623803667e-16
0.000000000000000000e+00
0.000000000000000000e+00
-5.991386210259252440e-15
0.000000000000000000e+00
0.000000000000000000e+00
2.219134289002190990e-16
0.000000000000000000e+00
0.000000000000000000e+00
1.335484824473019693e-16
0.000000000000000000e+00
0.000000000000000000e+00
0.000000000000000000e+00
0.000000000000000000e+00
0.000000000000000000e+00
0.000000000000000000e+00
0.000000000000000000e+00
0.000000000000000000e+00
0.000000000000000000e+00
0.000000000000000000e+00
0.000000000000000000e+00
0.000000000000000000e+00
0.000000000000000000e+00
0.000000000000000000e+00
0.000000000000000000e+00
0.000000000000000000e+00
0.000000000000000000e+00
0.000000000000000000e+00
0.000000000000000000e+00
0.000000000000000000e+00
8.741767283945588264e-27
0.000000000000000000e+00
0.000000000000000000e+00
0.000000000000000000e+00
0.000000000000000000e+00
8.741767283945592569e-27
0.000000000000000000e+00
8.734757612593087100e-27
0.000000000000000000e+00
0.000000000000000000e+00
3.174794482764220881e-27
0.000000000000000000e+00
0.000000000000000000e+00
0.000000000000000000e+00
0.000000000000000000e+00
3.174794482764215859e-27
0.000000000000000000e+00
3.179797269111653925e-27
0.000000000000000000e+00
0.000000000000000000e+00
0.000000000000000000e+00
0.000000000000000000e+00
0.000000000000000000e+00
0.000000000000000000e+00
0.000000000000000000e+00
-7.611973965012083091e-14
0.000000000000000000e+00
0.000000000000000000e+00
1.590057102772671128e-14
0.000000000000000000e+00
0.000000000000000000e+00
-1.564323474582378922e-15
0.000000000000000000e+00
0.000000000000000000e+00
1.405012612439306866e-14
0.000000000000000000e+00
0.000000000000000000e+00
3.050965383868532462e-15
0.000000000000000000e+00
0.000000000000000000e+00
0.000000000000000000e+00
0.000000000000000000e+00
0.000000000000000000e+00
0.000000000000000000e+00
0.000000000000000000e+00
0.000000000000000000e+00
0.000000000000000000e+00
0.000000000000000000e+00
0.000000000000000000e+00
0.000000000000000000e+00
0.000000000000000000e+00
0.000000000000000000e+00
0.000000000000000000e+00
0.000000000000000000e+00
0.000000000000000000e+00
0.000000000000000000e+00
0.000000000000000000e+00
0.000000000000000000e+00
1.128791587878532393e-26
0.000000000000000000e+00
0.000000000000000000e+00
0.000000000000000000e+00
0.000000000000000000e+00
1.126383009789874516e-26
0.000000000000000000e+00
1.127225882194388788e-26
0.000000000000000000e+00
0.000000000000000000e+00
4.083904538440159875e-27
0.000000000000000000e+00
0.000000000000000000e+00
0.000000000000000000e+00
0.000000000000000000e+00
4.102905059292005800e-27
0.000000000000000000e+00
4.087371042924567401e-27
0.000000000000000000e+00
0.000000000000000000e+00
0.000000000000000000e+00
0.000000000000000000e+00
0.000000000000000000e+00
0.000000000000000000e+00
0.000000000000000000e+00
0.000000000000000000e+00
0.000000000000000000e+00
-7.666083065440212666e-14
0.000000000000000000e+00
0.000000000000000000e+00
7.146469439425774584e-16
0.000000000000000000e+00
0.000000000000000000e+00
-5.932575796851641751e-15
0.000000000000000000e+00
0.000000000000000000e+00
4.361967079686654875e-16
0.000000000000000000e+00
0.000000000000000000e+00
1.788971306060812735e-16
0.000000000000000000e+00
0.000000000000000000e+00
0.000000000000000000e+00
0.000000000000000000e+00
0.000000000000000000e+00
0.000000000000000000e+00
0.000000000000000000e+00
0.000000000000000000e+00
0.000000000000000000e+00
0.000000000000000000e+00
0.000000000000000000e+00
0.000000000000000000e+00
0.000000000000000000e+00
0.000000000000000000e+00
0.000000000000000000e+00
0.000000000000000000e+00
0.000000000000000000e+00
0.000000000000000000e+00
0.000000000000000000e+00
0.000000000000000000e+00
8.762174220083637027e-27
0.000000000000000000e+00
0.000000000000000000e+00
0.000000000000000000e+00
0.000000000000000000e+00
8.762174220083642767e-27
0.000000000000000000e+00
8.755010098269470620e-27
0.000000000000000000e+00
0.000000000000000000e+00
3.179797269111658947e-27
0.000000000000000000e+00
0.000000000000000000e+00
0.000000000000000000e+00
0.000000000000000000e+00
3.179797269111653925e-27
0.000000000000000000e+00
3.185030204891934897e-27
