2.000353903236901321e+00
6.849904733868389915e-05
3.431995779803349031e-04
-1.174732311121476401e-03
-9.719612845865320202e-05
7.273788315588008361e-05
0.000000000000000000e+00
0.000000000000000000e+00
0.000000000000000000e+00
0.000000000000000000e+00
0.000000000000000000e+00
0.000000000000000000e+00
0.000000000000000000e+00
0.000000000000000000e+00
0.000000000000000000e+00
0.000000000000000000e+00
0.000000000000000000e+00
0.000000000000000000e+00
0.000000000000000000e+00
0.000000000000000000e+00
0.000000000000000000e+00
-1.691192751873344035e-14
0.000000000000000000e+00
0.000000000000000000e+00
-1.691192751873345298e-14
0.000000000000000000e+00
-1.691192751873344351e-14
-1.383252264249081067e-14
0.000000000000000000e+00
0.000000000000000000e+00
-1.383252264249080909e-14
0.000000000000000000e+00
-1.383252264249081224e-14
-8.165146280388751089e-16
0.000000000000000000e+00
0.000000000000000000e+00
-8.165146280388689952e-16
0.000000000000000000e+00
-8.165146280388734326e-16
0.000000000000000000e+00
0.000000000000000000e+00
0.000000000000000000e+00
0.000000000000000000e+00
0.000000000000000000e+00
0.000000000000000000e+00
0.000000000000000000e+00
0.000000000000000000e+00
0.000000000000000000e+00
0.000000000000000000e+00
0.000000000000000000e+00
0.000000000000000000e+00
0.000000000000000000e+00
0.000000000000000000e+00
0.000000000000000000e+00
0.000000000000000000e+00
0.000000000000000000e+00
0.000000000000000000e+00
0.000000000000000000e+00
0.000000000000000000e+00
6.849904733868389915e-05
1.803797649033552331e+00
3.385287693277383263e-03
1.303083484926869373e-01
8.761694937577045941e-03
-1.255127862413217207e-03
0.000000000000000000e+00
0.000000000000000000e+00
0.000000000000000000e+00
0.000000000000000000e+00
0.000000000000000000e+00
0.000000000000000000e+00
0.000000000000000000e+00
0.000000000000000000e+00
0.000000000000000000e+00
0.000000000000000000e+00
0.000000000000000000e+00
0.000000000000000000e+00
0.000000000000000000e+00
0.000000000000000000e+00
0.000000000000000000e+00
1.155300282041234318e-14
0.000000000000000000e+00
0.000000000000000000e+00
1.155300282041234160e-14
0.000000000000000000e+00
1.155300282041233529e-14
-2.270038063626937558e-15
0.000000000000000000e+00
0.000000000000000000e+00
-2.270038063626934797e-15
0.000000000000000000e+00
-2.270038063626932825e-15
7.585831182187659825e-15
0.000000000000000000e+00
0.000000000000000000e+00
7.585831182187659825e-15
0.000000000000000000e+00
7.585831182187664558e-15
0.000000000000000000e+00
0.000000000000000000e+00
0.000000000000000000e+00
0.000000000000000000e+00
0.000000000000000000e+00
0.000000000000000000e+00
0.000000000000000000e+00
0.000000000000000000e+00
0.000000000000000000e+00
0.000000000000000000e+00
0.000000000000000000e+00
0.000000000000000000e+00
0.000000000000000000e+00
0.000000000000000000e+00
0.000000000000000000e+00
0.000000000000000000e+00
0.000000000000000000e+00
0.000000000000000000e+00
0.000000000000000000e+00
0.000000000000000000e+00
3.431995779803349031e-04
3.385287693277383263e-03
8.434250435125714151e-01
1.164465797094725030e-01
4.842042604784886906e-01
7.572557417475055987e-03
0.000000000000000000e+00
0.000000000000000000e+00
0.000000000000000000e+00
0.000000000000000000e+00
0.000000000000000000e+00
0.000000000000000000e+00
0.000000000000000000e+00
0.000000000000000000e+00
0.000000000000000000e+00
0.000000000000000000e+00
0.000000000000000000e+00
0.000000000000000000e+00
0.000000000000000000e+00
0.000000000000000000e+00
0.000000000000000000e+00
3.052880058477529227e-14
0.000000000000000000e+00
0.000000000000000000e+00
3.052880058477528596e-14
0.000000000000000000e+00
3.052880058477526703e-14
-7.507214117515123659e-15
0.000000000000000000e+00
0.000000000000000000e+00
-7.507214117515118926e-15
0.000000000000000000e+00
-7.507214117515112615e-15
2.384711422046327860e-14
0.000000000000000000e+00
0.000000000000000000e+00
2.384711422046327860e-14
0.000000000000000000e+00
2.384711422046329122e-14
0.000000000000000000e+00
0.000000000000000000e+00
0.000000000000000000e+00
0.000000000000000000e+00
0.000000000000000000e+00
0.000000000000000000e+00
0.000000000000000000e+00
0.000000000000000000e+00
0.000000000000000000e+00
0.000000000000000000e+00
0.000000000000000000e+00
0.000000000000000000e+00
0.000000000000000000e+00
0.000000000000000000e+00
0.000000000000000000e+00
0.000000000000000000e+00
0.000000000000000000e+00
0.000000000000000000e+00
0.000000000000000000e+00
0.000000000000000000e+00
-1.174732311121476401e-03
1.303083484926869373e-01
1.164465797094725030e-01
2.542410804030211663e-02
6.734211899136467727e-02
9.529191638687995944e-04
0.000000000000000000e+00
0.000000000000000000e+00
0.000000000000000000e+00
0.000000000000000000e+00
0.000000000000000000e+00
0.000000000000000000e+00
0.000000000000000000e+00
0.000000000000000000e+00
0.000000000000000000e+00
0.000000000000000000e+00
0.000000000000000000e+00
0.000000000000000000e+00
0.000000000000000000e+00
0.000000000000000000e+00
0.000000000000000000e+00
5.048101542621753823e-15
0.000000000000000000e+00
0.000000000000000000e+00
5.048101542621753034e-15
0.000000000000000000e+00
5.048101542621749878e-15
-1.189227185939529703e-15
0.000000000000000000e+00
0.000000000000000000e+00
-1.189227185939528914e-15
0.000000000000000000e+00
-1.189227185939527928e-15
3.832090879376120038e-15
0.000000000000000000e+00
0.000000000000000000e+00
3.832090879376120038e-15
0.000000000000000000e+00
3.832090879376122405e-15
0.000000000000000000e+00
0.000000000000000000e+00
0.000000000000000000e+00
0.000000000000000000e+00
0.000000000000000000e+00
0.000000000000000000e+00
0.000000000000000000e+00
0.000000000000000000e+00
0.000000000000000000e+00
0.000000000000000000e+00
0.000000000000000000e+00
0.000000000000000000e+00
0.000000000000000000e+00
0.000000000000000000e+00
0.000000000000000000e+00
0.000000000000000000e+00
0.000000000000000000e+00
0.000000000000000000e+00
0.000000000000000000e+00
0.000000000000000000e+00
-9.719612845865320202e-05
8.761694937577045941e-03
4.842042604784886906e-01
6.734211899136467727e-02
2.780040046075958338e-01
4.342481352212245946e-03
0.000000000000000000e+00
0.000000000000000000e+00
0.000000000000000000e+00
0.000000000000000000e+00
0.000000000000000000e+00
0.000000000000000000e+00
0.000000000000000000e+00
0.000000000000000000e+00
0.000000000000000000e+00
0.000000000000000000e+00
0.000000000000000000e+00
0.000000000000000000e+00
0.000000000000000000e+00
0.000000000000000000e+00
0.000000000000000000e+00
1.757206339803186973e-14
0.000000000000000000e+00
0.000000000000000000e+00
1.757206339803186658e-14
0.000000000000000000e+00
1.757206339803185711e-14
-4.316268593739992394e-15
0.000000000000000000e+00
0.000000000000000000e+00
-4.316268593739989238e-15
0.000000000000000000e+00
-4.316268593739986083e-15
1.371889099913171951e-14
0.000000000000000000e+00
0.000000000000000000e+00
1.371889099913171951e-14
0.000000000000000000e+00
1.371889099913172740e-14
0.000000000000000000e+00
0.000000000000000000e+00
0.000000000000000000e+00
0.000000000000000000e+00
0.000000000000000000e+00
0.000000000000000000e+00
0.000000000000000000e+00
0.000000000000000000e+00
0.000000000000000000e+00
0.000000000000000000e+00
0.000000000000000000e+00
0.000000000000000000e+00
0.000000000000000000e+00
0.000000000000000000e+00
0.000000000000000000e+00
0.000000000000000000e+00
0.000000000000000000e+00
0.000000000000000000e+00
0.000000000000000000e+00
0.000000000000000000e+00
7.273788315588008361e-05
-1.255127862413217207e-03
7.572557417475055987e-03
9.529191638687995944e-04
4.342481352212245946e-03
6.890759642014488925e-05
0.000000000000000000e+00
0.000000000000000000e+00
0.000000000000000000e+00
0.000000000000000000e+00
0.000000000000000000e+00
0.000000000000000000e+00
0.000000000000000000e+00
0.000000000000000000e+00
0.000000000000000000e+00
0.000000000000000000e+00
0.000000000000000000e+00
0.000000000000000000e+00
0.000000000000000000e+00
0.000000000000000000e+00
0.000000000000000000e+00
2.653619382976396285e-16
0.000000000000000000e+00
0.000000000000000000e+00
2.653619382976395792e-16
0.000000000000000000e+00
2.653619382976394313e-16
-6.628788731071408214e-17
0.000000000000000000e+00
0.000000000000000000e+00
-6.628788731071403284e-17
0.000000000000000000e+00
-6.628788731071398353e-17
2.087406560326159876e-16
0.000000000000000000e+00
0.000000000000000000e+00
2.087406560326160123e-16
0.000000000000000000e+00
2.087406560326160862e-16
0.000000000000000000e+00
0.000000000000000000e+00
0.000000000000000000e+00
0.000000000000000000e+00
0.000000000000000000e+00
0.000000000000000000e+00
0.000000000000000000e+00
0.000000000000000000e+00
0.000000000000000000e+00
0.000000000000000000e+00
0.000000000000000000e+00
0.000000000000000000e+00
0.000000000000000000e+00
0.000000000000000000e+00
0.000000000000000000e+00
0.000000000000000000e+00
0.000000000000000000e+00
0.000000000000000000e+00
0.000000000000000000e+00
0.000000000000000000e+00
0.000000000000000000e+00
0.000000000000000000e+00
0.000000000000000000e+00
0.000000000000000000e+00
0.000000000000000000e+00
0.000000000000000000e+00
1.882877758449841288e+00
0.000000000000000000e+00
0.000000000000000000e+00
-4.244540000060617949e-03
0.000000000000000000e+00
0.000000000000000000e+00
1.181203856278680714e-01
0.000000000000000000e+00
0.000000000000000000e+00
3.139570881324649926e-03
0.000000000000000000e+00
0.000000000000000000e+00
-1.607620476011399494e-03
0.000000000000000000e+00
0.000000000000000000e+00
0.000000000000000000e+00
0.000000000000000000e+00
0.000000000000000000e+00
0.000000000000000000e+00
0.000000000000000000e+00
0.000000000000000000e+00
0.000000000000000000e+00
0.000000000000000000e+00
0.000000000000000000e+00
0.000000000000000000e+00
0.000000000000000000e+00
0.000000000000000000e+00
0.000000000000000000e+00
0.000000000000000000e+00
0.000000000000000000e+00
0.000000000000000000e+00
0.000000000000000000e+00
0.000000000000000000e+00
-1.455094098574012827e-13
0.000000000000000000e+00
0.000000000000000000e+00
-1.453812136612590162e-13
0.000000000000000000e+00
-1.453690391997806960e-13
0.000000000000000000e+00
0.000000000000000000e+00
0.000000000000000000e+00
0.000000000000000000e+00
-7.952822558174484410e-14
0.000000000000000000e+00
0.000000000000000000e+00
-7.959226227984558017e-14
0.000000000000000000e+00
-7.960684387836234501e-14
0.000000000000000000e+00
0.000000000000000000e+00
0.000000000000000000e+00
0.000000000000000000e+00
0.000000000000000000e+00
0.000000000000000000e+00
0.000000000000000000e+00
0.000000000000000000e+00
0.000000000000000000e+00
0.000000000000000000e+00
0.000000000000000000e+00
1.882877758449841288e+00
0.000000000000000000e+00
0.000000000000000000e+00
-4.244540000060615346e-03
0.000000000000000000e+00
0.000000000000000000e+00
1.181203856278680714e-01
0.000000000000000000e+00
0.000000000000000000e+00
3.139570881324649926e-03
0.000000000000000000e+00
0.000000000000000000e+00
-1.607620476011399494e-03
0.000000000000000000e+00
0.000000000000000000e+00
0.000000000000000000e+00
0.000000000000000000e+00
0.000000000000000000e+00
0.000000000000000000e+00
0.000000000000000000e+00
0.000000000000000000e+00
0.000000000000000000e+00
0.000000000000000000e+00
0.000000000000000000e+00
0.000000000000000000e+00
0.000000000000000000e+00
0.000000000000000000e+00
0.000000000000000000e+00
0.000000000000000000e+00
0.000000000000000000e+00
0.000000000000000000e+00
0.000000000000000000e+00
0.000000000000000000e+00
-1.453812136612583094e-13
0.000000000000000000e+00
0.000000000000000000e+00
0.000000000000000000e+00
0.000000000000000000e+00
-1.455094098574006769e-13
0.000000000000000000e+00
-1.453690391997801154e-13
0.000000000000000000e+00
0.000000000000000000e+00
-7.959226227984510055e-14
0.000000000000000000e+00
0.000000000000000000e+00
0.000000000000000000e+00
0.000000000000000000e+00
-7.952822558174428874e-14
0.000000000000000000e+00
-7.960684387836177703e-14
0.000000000000000000e+00
0.000000000000000000e+00
0.000000000000000000e+00
0.000000000000000000e+00
0.000000000000000000e+00
0.000000000000000000e+00
0.000000000000000000e+00
0.000000000000000000e+00
0.000000000000000000e+00
1.882877758449837513e+00
0.000000000000000000e+00
0.000000000000000000e+00
-4.244540000079679958e-03
0.000000000000000000e+00
0.000000000000000000e+00
1.181203856278631031e-01
0.000000000000000000e+00
0.000000000000000000e+00
3.139570881312603572e-03
0.000000000000000000e+00
0.000000000000000000e+00
-1.607620476012376794e-03
0.000000000000000000e+00
0.000000000000000000e+00
0.000000000000000000e+00
0.000000000000000000e+00
0.000000000000000000e+00
0.000000000000000000e+00
0.000000000000000000e+00
0.000000000000000000e+00
0.000000000000000000e+00
0.000000000000000000e+00
0.000000000000000000e+00
0.000000000000000000e+00
0.000000000000000000e+00
0.000000000000000000e+00
0.000000000000000000e+00
0.000000000000000000e+00
0.000000000000000000e+00
0.000000000000000000e+00
0.000000000000000000e+00
0.000000000000000000e+00
-1.440570074708487176e-13
0.000000000000000000e+00
0.000000000000000000e+00
0.000000000000000000e+00
0.000000000000000000e+00
-1.440570074708486419e-13
0.000000000000000000e+00
-1.442145882772618187e-13
0.000000000000000000e+00
0.000000000000000000e+00
-7.876973244336158805e-14
0.000000000000000000e+00
0.000000000000000000e+00
0.000000000000000000e+00
0.000000000000000000e+00
-7.876973244336165116e-14
0.000000000000000000e+00
-7.866168992811539835e-14
0.000000000000000000e+00
0.000000000000000000e+00
0.000000000000000000e+00
0.000000000000000000e+00
0.000000000000000000e+00
0.000000000000000000e+00
-4.244540000060617949e-03
0.000000000000000000e+00
0.000000000000000000e+00
4.059604361191800903e-01
0.000000000000000000e+00
0.000000000000000000e+00
1.599963913611674726e-01
0.000000000000000000e+00
0.000000000000000000e+00
2.848581409172380452e-01
0.000000000000000000e+00
0.000000000000000000e+00
3.010923645156595232e-02
0.000000000000000000e+00
0.000000000000000000e+00
0.000000000000000000e+00
0.000000000000000000e+00
0.000000000000000000e+00
0.000000000000000000e+00
0.000000000000000000e+00
0.000000000000000000e+00
0.000000000000000000e+00
0.000000000000000000e+00
0.000000000000000000e+00
0.000000000000000000e+00
0.000000000000000000e+00
0.000000000000000000e+00
0.000000000000000000e+00
0.000000000000000000e+00
0.000000000000000000e+00
0.000000000000000000e+00
0.000000000000000000e+00
0.000000000000000000e+00
-2.149906706815710006e-14
0.000000000000000000e+00
0.000000000000000000e+00
-2.109597157906300919e-14
0.000000000000000000e+00
-2.105239431016108748e-14
0.000000000000000000e+00
0.000000000000000000e+00
0.000000000000000000e+00
0.000000000000000000e+00
-1.216361028234857658e-14
0.000000000000000000e+00
0.000000000000000000e+00
-1.240248570374199177e-14
0.000000000000000000e+00
-1.242950244414602738e-14
0.000000000000000000e+00
0.000000000000000000e+00
0.000000000000000000e+00
0.000000000000000000e+00
0.000000000000000000e+00
0.000000000000000000e+00
0.000000000000000000e+00
0.000000000000000000e+00
0.000000000000000000e+00
0.000000000000000000e+00
0.000000000000000000e+00
-4.244540000060615346e-03
0.000000000000000000e+00
0.000000000000000000e+00
4.059604361191800903e-01
0.000000000000000000e+00
0.000000000000000000e+00
1.599963913611674726e-01
0.000000000000000000e+00
0.000000000000000000e+00
2.848581409172380452e-01
0.000000000000000000e+00
0.000000000000000000e+00
3.010923645156595232e-02
0.000000000000000000e+00
0.000000000000000000e+00
0.000000000000000000e+00
0.000000000000000000e+00
0.000000000000000000e+00
0.000000000000000000e+00
0.000000000000000000e+00
0.000000000000000000e+00
0.000000000000000000e+00
0.000000000000000000e+00
0.000000000000000000e+00
0.000000000000000000e+00
0.000000000000000000e+00
0.000000000000000000e+00
0.000000000000000000e+00
0.000000000000000000e+00
0.000000000000000000e+00
0.000000000000000000e+00
0.000000000000000000e+00
0.000000000000000000e+00
-2.109597157906290190e-14
0.000000000000000000e+00
0.000000000000000000e+00
0.000000000000000000e+00
0.000000000000000000e+00
-2.149906706815700540e-14
0.000000000000000000e+00
-2.105239431016099913e-14
0.000000000000000000e+00
0.000000000000000000e+00
-1.240248570374191762e-14
0.000000000000000000e+00
0.000000000000000000e+00
0.000000000000000000e+00
0.000000000000000000e+00
-1.216361028234849453e-14
0.000000000000000000e+00
-1.242950244414593903e-14
0.000000000000000000e+00
0.000000000000000000e+00
0.000000000000000000e+00
0.000000000000000000e+00
0.000000000000000000e+00
0.000000000000000000e+00
0.000000000000000000e+00
0.000000000000000000e+00
0.000000000000000000e+00
-4.244540000079679958e-03
0.000000000000000000e+00
0.000000000000000000e+00
4.059604361191132549e-01
0.000000000000000000e+00
0.000000000000000000e+00
1.599963913611638366e-01
0.000000000000000000e+00
0.000000000000000000e+00
2.848581409172055712e-01
0.000000000000000000e+00
0.000000000000000000e+00
3.010923645156434597e-02
0.000000000000000000e+00
0.000000000000000000e+00
0.000000000000000000e+00
0.000000000000000000e+00
0.000000000000000000e+00
0.000000000000000000e+00
0.000000000000000000e+00
0.000000000000000000e+00
0.000000000000000000e+00
0.000000000000000000e+00
0.000000000000000000e+00
0.000000000000000000e+00
0.000000000000000000e+00
0.000000000000000000e+00
0.000000000000000000e+00
0.000000000000000000e+00
0.000000000000000000e+00
0.000000000000000000e+00
0.000000000000000000e+00
0.000000000000000000e+00
-9.627574317259819445e-15
0.000000000000000000e+00
0.000000000000000000e+00
0.000000000000000000e+00
0.000000000000000000e+00
-9.627574317259811557e-15
0.000000000000000000e+00
-9.931281864239607889e-15
0.000000000000000000e+00
0.000000000000000000e+00
-6.129063050973205557e-15
0.000000000000000000e+00
0.000000000000000000e+00
0.000000000000000000e+00
0.000000000000000000e+00
-6.129063050973209501e-15
0.000000000000000000e+00
-5.951844596744181772e-15
0.000000000000000000e+00
0.000000000000000000e+00
0.000000000000000000e+00
0.000000000000000000e+00
0.000000000000000000e+00
0.000000000000000000e+00
1.181203856278680714e-01
0.000000000000000000e+00
0.000000000000000000e+00
1.599963913611674449e-01
0.000000000000000000e+00
0.000000000000000000e+00
7.067920279668747641e-02
0.000000000000000000e+00
0.000000000000000000e+00
1.126570202677083798e-01
0.000000000000000000e+00
0.000000000000000000e+00
1.178434395031395521e-02
0.000000000000000000e+00
0.000000000000000000e+00
0.000000000000000000e+00
0.000000000000000000e+00
0.000000000000000000e+00
0.000000000000000000e+00
0.000000000000000000e+00
0.000000000000000000e+00
0.000000000000000000e+00
0.000000000000000000e+00
0.000000000000000000e+00
0.000000000000000000e+00
0.000000000000000000e+00
0.000000000000000000e+00
0.000000000000000000e+00
0.000000000000000000e+00
0.000000000000000000e+00
0.000000000000000000e+00
0.000000000000000000e+00
0.000000000000000000e+00
-1.774535374865570413e-14
0.000000000000000000e+00
0.000000000000000000e+00
-1.757806199235196941e-14
0.000000000000000000e+00
-1.756008382256554336e-14
0.000000000000000000e+00
0.000000000000000000e+00
0.000000000000000000e+00
0.000000000000000000e+00
-9.861888836954137846e-15
0.000000000000000000e+00
0.000000000000000000e+00
-9.960267156182356706e-15
0.000000000000000000e+00
-9.971860655532482066e-15
0.000000000000000000e+00
0.000000000000000000e+00
0.000000000000000000e+00
0.000000000000000000e+00
0.000000000000000000e+00
0.000000000000000000e+00
0.000000000000000000e+00
0.000000000000000000e+00
0.000000000000000000e+00
0.000000000000000000e+00
0.000000000000000000e+00
1.181203856278680714e-01
0.000000000000000000e+00
0.000000000000000000e+00
1.599963913611674449e-01
0.000000000000000000e+00
0.000000000000000000e+00
7.067920279668747641e-02
0.000000000000000000e+00
0.000000000000000000e+00
1.126570202677083798e-01
0.000000000000000000e+00
0.000000000000000000e+00
1.178434395031395521e-02
0.000000000000000000e+00
0.000000000000000000e+00
0.000000000000000000e+00
0.000000000000000000e+00
0.000000000000000000e+00
0.000000000000000000e+00
0.000000000000000000e+00
0.000000000000000000e+00
0.000000000000000000e+00
0.000000000000000000e+00
0.000000000000000000e+00
0.000000000000000000e+00
0.000000000000000000e+00
0.000000000000000000e+00
0.000000000000000000e+00
0.000000000000000000e+00
0.000000000000000000e+00
0.000000000000000000e+00
0.000000000000000000e+00
0.000000000000000000e+00
-1.757806199235188421e-14
0.000000000000000000e+00
0.000000000000000000e+00
0.000000000000000000e+00
0.000000000000000000e+00
-1.774535374865562840e-14
0.000000000000000000e+00
-1.756008382256547394e-14
0.000000000000000000e+00
0.000000000000000000e+00
-9.960267156182296753e-15
0.000000000000000000e+00
0.000000000000000000e+00
0.000000000000000000e+00
0.000000000000000000e+00
-9.861888836954071582e-15
0.000000000000000000e+00
-9.971860655532411069e-15
0.000000000000000000e+00
0.000000000000000000e+00
0.000000000000000000e+00
0.000000000000000000e+00
0.000000000000000000e+00
0.000000000000000000e+00
0.000000000000000000e+00
0.000000000000000000e+00
0.000000000000000000e+00
1.181203856278631031e-01
0.000000000000000000e+00
0.000000000000000000e+00
1.599963913611638366e-01
0.000000000000000000e+00
0.000000000000000000e+00
7.067920279669535899e-02
0.000000000000000000e+00
0.000000000000000000e+00
1.126570202677116272e-01
0.000000000000000000e+00
0.000000000000000000e+00
1.178434395031503594e-02
0.000000000000000000e+00
0.000000000000000000e+00
0.000000000000000000e+00
0.000000000000000000e+00
0.000000000000000000e+00
0.000000000000000000e+00
0.000000000000000000e+00
0.000000000000000000e+00
0.000000000000000000e+00
0.000000000000000000e+00
0.000000000000000000e+00
0.000000000000000000e+00
0.000000000000000000e+00
0.000000000000000000e+00
0.000000000000000000e+00
0.000000000000000000e+00
0.000000000000000000e+00
0.000000000000000000e+00
0.000000000000000000e+00
0.000000000000000000e+00
-1.296627781909550327e-14
0.000000000000000000e+00
0.000000000000000000e+00
0.000000000000000000e+00
0.000000000000000000e+00
-1.296627781909549538e-14
0.000000000000000000e+00
-1.309620242864452205e-14
0.000000000000000000e+00
0.000000000000000000e+00
-7.431291393221497164e-15
0.000000000000000000e+00
0.000000000000000000e+00
0.000000000000000000e+00
0.000000000000000000e+00
-7.431291393221501897e-15
0.000000000000000000e+00
-7.354454399300742077e-15
0.000000000000000000e+00
0.000000000000000000e+00
0.000000000000000000e+00
0.000000000000000000e+00
0.000000000000000000e+00
0.000000000000000000e+00
3.139570881324649926e-03
0.000000000000000000e+00
0.000000000000000000e+00
2.848581409172380452e-01
0.000000000000000000e+00
0.000000000000000000e+00
1.126570202677083937e-01
0.000000000000000000e+00
0.000000000000000000e+00
1.999018212978862785e-01
0.000000000000000000e+00
0.000000000000000000e+00
2.112313175709877242e-02
0.000000000000000000e+00
0.000000000000000000e+00
0.000000000000000000e+00
0.000000000000000000e+00
0.000000000000000000e+00
0.000000000000000000e+00
0.000000000000000000e+00
0.000000000000000000e+00
0.000000000000000000e+00
0.000000000000000000e+00
0.000000000000000000e+00
0.000000000000000000e+00
0.000000000000000000e+00
0.000000000000000000e+00
0.000000000000000000e+00
0.000000000000000000e+00
0.000000000000000000e+00
0.000000000000000000e+00
0.000000000000000000e+00
0.000000000000000000e+00
-1.555920416912423040e-14
0.000000000000000000e+00
0.000000000000000000e+00
-1.527592608680499858e-14
0.000000000000000000e+00
-1.524530733935010217e-14
0.000000000000000000e+00
0.000000000000000000e+00
0.000000000000000000e+00
0.000000000000000000e+00
-8.793902117336148449e-15
0.000000000000000000e+00
0.000000000000000000e+00
-8.961734662863502499e-15
0.000000000000000000e+00
-8.980740321695785109e-15
0.000000000000000000e+00
0.000000000000000000e+00
0.000000000000000000e+00
0.000000000000000000e+00
0.000000000000000000e+00
0.000000000000000000e+00
0.000000000000000000e+00
0.000000000000000000e+00
0.000000000000000000e+00
0.000000000000000000e+00
0.000000000000000000e+00
3.139570881324649926e-03
0.000000000000000000e+00
0.000000000000000000e+00
2.848581409172380452e-01
0.000000000000000000e+00
0.000000000000000000e+00
1.126570202677083937e-01
0.000000000000000000e+00
0.000000000000000000e+00
1.999018212978862785e-01
0.000000000000000000e+00
0.000000000000000000e+00
2.112313175709877242e-02
0.000000000000000000e+00
0.000000000000000000e+00
0.000000000000000000e+00
0.000000000000000000e+00
0.000000000000000000e+00
0.000000000000000000e+00
0.000000000000000000e+00
0.000000000000000000e+00
0.000000000000000000e+00
0.000000000000000000e+00
0.000000000000000000e+00
0.000000000000000000e+00
0.000000000000000000e+00
0.000000000000000000e+00
0.000000000000000000e+00
0.000000000000000000e+00
0.000000000000000000e+00
0.000000000000000000e+00
0.000000000000000000e+00
0.000000000000000000e+00
-1.527592608680492285e-14
0.000000000000000000e+00
0.000000000000000000e+00
0.000000000000000000e+00
0.000000000000000000e+00
-1.555920416912416414e-14
0.000000000000000000e+00
-1.524530733935003591e-14
0.000000000000000000e+00
0.000000000000000000e+00
-8.961734662863450435e-15
0.000000000000000000e+00
0.000000000000000000e+00
0.000000000000000000e+00
0.000000000000000000e+00
-8.793902117336088495e-15
0.000000000000000000e+00
-8.980740321695720423e-15
0.000000000000000000e+00
0.000000000000000000e+00
0.000000000000000000e+00
0.000000000000000000e+00
0.000000000000000000e+00
0.000000000000000000e+00
0.000000000000000000e+00
0.000000000000000000e+00
0.000000000000000000e+00
3.139570881312604006e-03
0.000000000000000000e+00
0.000000000000000000e+00
2.848581409172056267e-01
0.000000000000000000e+00
0.000000000000000000e+00
1.126570202677116411e-01
0.000000000000000000e+00
0.000000000000000000e+00
1.999018212978736220e-01
0.000000000000000000e+00
0.000000000000000000e+00
2.112313175709872037e-02
0.000000000000000000e+00
0.000000000000000000e+00
0.000000000000000000e+00
0.000000000000000000e+00
0.000000000000000000e+00
0.000000000000000000e+00
0.000000000000000000e+00
0.000000000000000000e+00
0.000000000000000000e+00
0.000000000000000000e+00
0.000000000000000000e+00
0.000000000000000000e+00
0.000000000000000000e+00
0.000000000000000000e+00
0.000000000000000000e+00
0.000000000000000000e+00
0.000000000000000000e+00
0.000000000000000000e+00
0.000000000000000000e+00
0.000000000000000000e+00
-7.223980737696866313e-15
0.000000000000000000e+00
0.000000000000000000e+00
0.000000000000000000e+00
0.000000000000000000e+00
-7.223980737696861580e-15
0.000000000000000000e+00
-7.437611456384619223e-15
0.000000000000000000e+00
0.000000000000000000e+00
-4.556854603512869241e-15
0.000000000000000000e+00
0.000000000000000000e+00
0.000000000000000000e+00
0.000000000000000000e+00
-4.556854603512872396e-15
0.000000000000000000e+00
-4.432145205115631352e-15
0.000000000000000000e+00
0.000000000000000000e+00
0.000000000000000000e+00
0.000000000000000000e+00
0.000000000000000000e+00
0.000000000000000000e+00
-1.607620476011399494e-03
0.000000000000000000e+00
0.000000000000000000e+00
3.010923645156595232e-02
0.000000000000000000e+00
0.000000000000000000e+00
1.178434395031395694e-02
0.000000000000000000e+00
0.000000000000000000e+00
2.112313175709877242e-02
0.000000000000000000e+00
0.000000000000000000e+00
2.234026776695690903e-03
0.000000000000000000e+00
0.000000000000000000e+00
0.000000000000000000e+00
0.000000000000000000e+00
0.000000000000000000e+00
0.000000000000000000e+00
0.000000000000000000e+00
0.000000000000000000e+00
0.000000000000000000e+00
0.000000000000000000e+00
0.000000000000000000e+00
0.000000000000000000e+00
0.000000000000000000e+00
0.000000000000000000e+00
0.000000000000000000e+00
0.000000000000000000e+00
0.000000000000000000e+00
0.000000000000000000e+00
0.000000000000000000e+00
0.000000000000000000e+00
-1.494475217616256258e-15
0.000000000000000000e+00
0.000000000000000000e+00
-1.464669385644565137e-15
0.000000000000000000e+00
-1.461446022963934067e-15
0.000000000000000000e+00
0.000000000000000000e+00
0.000000000000000000e+00
0.000000000000000000e+00
-8.474556623176023041e-16
0.000000000000000000e+00
0.000000000000000000e+00
-8.651268682014158615e-16
0.000000000000000000e+00
-8.671204371956935504e-16
0.000000000000000000e+00
0.000000000000000000e+00
0.000000000000000000e+00
0.000000000000000000e+00
0.000000000000000000e+00
0.000000000000000000e+00
0.000000000000000000e+00
0.000000000000000000e+00
0.000000000000000000e+00
0.000000000000000000e+00
0.000000000000000000e+00
-1.607620476011399494e-03
0.000000000000000000e+00
0.000000000000000000e+00
3.010923645156595232e-02
0.000000000000000000e+00
0.000000000000000000e+00
1.178434395031395694e-02
0.000000000000000000e+00
0.000000000000000000e+00
2.112313175709877242e-02
0.000000000000000000e+00
0.000000000000000000e+00
2.234026776695690903e-03
0.000000000000000000e+00
0.000000000000000000e+00
0.000000000000000000e+00
0.000000000000000000e+00
0.000000000000000000e+00
0.000000000000000000e+00
0.000000000000000000e+00
0.000000000000000000e+00
0.000000000000000000e+00
0.000000000000000000e+00
0.000000000000000000e+00
0.000000000000000000e+00
0.000000000000000000e+00
0.000000000000000000e+00
0.000000000000000000e+00
0.000000000000000000e+00
0.000000000000000000e+00
0.000000000000000000e+00
0.000000000000000000e+00
0.000000000000000000e+00
-1.464669385644557446e-15
0.000000000000000000e+00
0.000000000000000000e+00
0.000000000000000000e+00
0.000000000000000000e+00
-1.494475217616249750e-15
0.000000000000000000e+00
-1.461446022963927954e-15
0.000000000000000000e+00
0.000000000000000000e+00
-8.651268682014107339e-16
0.000000000000000000e+00
0.000000000000000000e+00
0.000000000000000000e+00
0.000000000000000000e+00
-8.474556623175965849e-16
0.000000000000000000e+00
-8.671204371956874367e-16
0.000000000000000000e+00
0.000000000000000000e+00
0.000000000000000000e+00
0.000000000000000000e+00
0.000000000000000000e+00
0.000000000000000000e+00
0.000000000000000000e+00
0.000000000000000000e+00
0.000000000000000000e+00
-1.607620476012376794e-03
0.000000000000000000e+00
0.000000000000000000e+00
3.010923645156434944e-02
0.000000000000000000e+00
0.000000000000000000e+00
1.178434395031503767e-02
0.000000000000000000e+00
0.000000000000000000e+00
2.112313175709872037e-02
0.000000000000000000e+00
0.000000000000000000e+00
2.234026776695820140e-03
0.000000000000000000e+00
0.000000000000000000e+00
0.000000000000000000e+00
0.000000000000000000e+00
0.000000000000000000e+00
0.000000000000000000e+00
0.000000000000000000e+00
0.000000000000000000e+00
0.000000000000000000e+00
0.000000000000000000e+00
0.000000000000000000e+00
0.000000000000000000e+00
0.000000000000000000e+00
0.000000000000000000e+00
0.000000000000000000e+00
0.000000000000000000e+00
0.000000000000000000e+00
0.000000000000000000e+00
0.000000000000000000e+00
0.000000000000000000e+00
-6.150739216086943019e-16
0.000000000000000000e+00
0.000000000000000000e+00
0.000000000000000000e+00
0.000000000000000000e+00
-6.150739216086939074e-16
0.000000000000000000e+00
-6.374888949221192465e-16
0.000000000000000000e+00
0.000000000000000000e+00
-4.004500434321340902e-16
0.000000000000000000e+00
0.000000000000000000e+00
0.000000000000000000e+00
0.000000000000000000e+00
-4.004500434321343367e-16
0.000000000000000000e+00
-3.873815789605830239e-16
-1.691192751873344035e-14
1.155300282041234318e-14
3.052880058477529227e-14
5.048101542621753823e-15
1.757206339803186973e-14
2.653619382976396285e-16
0.000000000000000000e+00
0.000000000000000000e+00
0.000000000000000000e+00
0.000000000000000000e+00
0.000000000000000000e+00
0.000000000000000000e+00
0.000000000000000000e+00
0.000000000000000000e+00
0.000000000000000000e+00
0.000000000000000000e+00
0.000000000000000000e+00
0.000000000000000000e+00
0.000000000000000000e+00
0.000000000000000000e+00
0.000000000000000000e+00
1.320660113314518808e-27
0.000000000000000000e+00
0.000000000000000000e+00
1.320660113314518808e-27
0.000000000000000000e+00
1.320660113314518091e-27
-1.689180226016692587e-28
0.000000000000000000e+00
0.000000000000000000e+00
-1.689180226016690794e-28
0.000000000000000000e+00
-1.689180226016688776e-28
9.176327517254401135e-28
0.000000000000000000e+00
0.000000000000000000e+00
9.176327517254401135e-28
0.000000000000000000e+00
9.176327517254404723e-28
0.000000000000000000e+00
0.000000000000000000e+00
0.000000000000000000e+00
0.000000000000000000e+00
0.000000000000000000e+00
0.000000000000000000e+00
0.000000000000000000e+00
0.000000000000000000e+00
0.000000000000000000e+00
0.000000000000000000e+00
0.000000000000000000e+00
0.000000000000000000e+00
0.000000000000000000e+00
0.000000000000000000e+00
0.000000000000000000e+00
0.000000000000000000e+00
0.000000000000000000e+00
0.000000000000000000e+00
0.000000000000000000e+00
0.000000000000000000e+00
0.000000000000000000e+00
0.000000000000000000e+00
0.000000000000000000e+00
0.000000000000000000e+00
0.000000000000000000e+00
0.000000000000000000e+00
0.000000000000000000e+00
0.000000000000000000e+00
0.000000000000000000e+00
0.000000000000000000e+00
0.000000000000000000e+00
0.000000000000000000e+00
0.000000000000000000e+00
0.000000000000000000e+00
0.000000000000000000e+00
0.000000000000000000e+00
0.000000000000000000e+00
0.000000000000000000e+00
0.000000000000000000e+00
0.000000000000000000e+00
0.000000000000000000e+00
0.000000000000000000e+00
0.000000000000000000e+00
0.000000000000000000e+00
0.000000000000000000e+00
0.000000000000000000e+00
0.000000000000000000e+00
0.000000000000000000e+00
0.000000000000000000e+00
0.000000000000000000e+00
0.000000000000000000e+00
0.000000000000000000e+00
0.000000000000000000e+00
0.000000000000000000e+00
0.000000000000000000e+00
0.000000000000000000e+00
0.000000000000000000e+00
0.000000000000000000e+00
0.000000000000000000e+00
0.000000000000000000e+00
0.000000000000000000e+00
0.000000000000000000e+00
0.000000000000000000e+00
0.000000000000000000e+00
0.000000000000000000e+00
0.000000000000000000e+00
0.000000000000000000e+00
0.000000000000000000e+00
0.000000000000000000e+00
0.000000000000000000e+00
0.000000000000000000e+00
0.000000000000000000e+00
0.000000000000000000e+00
0.000000000000000000e+00
0.000000000000000000e+00
0.000000000000000000e+00
0.000000000000000000e+00
0.000000000000000000e+00
0.000000000000000000e+00
0.000000000000000000e+00
0.000000000000000000e+00
0.000000000000000000e+00
0.000000000000000000e+00
0.000000000000000000e+00
0.000000000000000000e+00
0.000000000000000000e+00
0.000000000000000000e+00
0.000000000000000000e+00
0.000000000000000000e+00
0.000000000000000000e+00
0.000000000000000000e+00
0.000000000000000000e+00
0.000000000000000000e+00
0.000000000000000000e+00
0.000000000000000000e+00
0.000000000000000000e+00
0.000000000000000000e+00
0.000000000000000000e+00
0.000000000000000000e+00
0.000000000000000000e+00
0.000000000000000000e+00
0.000000000000000000e+00
0.000000000000000000e+00
0.000000000000000000e+00
0.000000000000000000e+00
0.000000000000000000e+00
0.000000000000000000e+00
0.000000000000000000e+00
0.000000000000000000e+00
0.000000000000000000e+00
0.000000000000000000e+00
0.000000000000000000e+00
0.000000000000000000e+00
0.000000000000000000e+00
0.000000000000000000e+00
0.000000000000000000e+00
0.000000000000000000e+00
0.000000000000000000e+00
0.000000000000000000e+00
0.000000000000000000e+00
0.000000000000000000e+00
0.000000000000000000e+00
0.000000000000000000e+00
0.000000000000000000e+00
0.000000000000000000e+00
0.000000000000000000e+00
0.000000000000000000e+00
0.000000000000000000e+00
0.000000000000000000e+00
0.000000000000000000e+00
0.000000000000000000e+00
0.000000000000000000e+00
0.000000000000000000e+00
0.000000000000000000e+00
0.000000000000000000e+00
0.000000000000000000e+00
0.000000000000000000e+00
0.000000000000000000e+00
-1.691192751873345298e-14
1.155300282041234160e-14
3.052880058477528596e-14
5.048101542621753034e-15
1.757206339803186658e-14
2.653619382976395792e-16
0.000000000000000000e+00
0.000000000000000000e+00
0.000000000000000000e+00
0.000000000000000000e+00
0.000000000000000000e+00
0.000000000000000000e+00
0.000000000000000000e+00
0.000000000000000000e+00
0.000000000000000000e+00
0.000000000000000000e+00
0.000000000000000000e+00
0.000000000000000000e+00
0.000000000000000000e+00
0.000000000000000000e+00
0.000000000000000000e+00
1.320660113314518808e-27
0.000000000000000000e+00
0.000000000000000000e+00
1.320660113314518629e-27
0.000000000000000000e+00
1.320660113314518091e-27
-1.689180226016691690e-28
0.000000000000000000e+00
0.000000000000000000e+00
-1.689180226016689448e-28
0.000000000000000000e+00
-1.689180226016687430e-28
9.176327517254399342e-28
0.000000000000000000e+00
0.000000000000000000e+00
9.176327517254399342e-28
0.000000000000000000e+00
9.176327517254404723e-28
0.000000000000000000e+00
0.000000000000000000e+00
0.000000000000000000e+00
0.000000000000000000e+00
0.000000000000000000e+00
0.000000000000000000e+00
0.000000000000000000e+00
0.000000000000000000e+00
0.000000000000000000e+00
0.000000000000000000e+00
0.000000000000000000e+00
0.000000000000000000e+00
0.000000000000000000e+00
0.000000000000000000e+00
0.000000000000000000e+00
0.000000000000000000e+00
0.000000000000000000e+00
0.000000000000000000e+00
0.000000000000000000e+00
0.000000000000000000e+00
0.000000000000000000e+00
0.000000000000000000e+00
0.000000000000000000e+00
0.000000000000000000e+00
0.000000000000000000e+00
0.000000000000000000e+00
0.000000000000000000e+00
0.000000000000000000e+00
0.000000000000000000e+00
0.000000000000000000e+00
0.000000000000000000e+00
0.000000000000000000e+00
0.000000000000000000e+00
0.000000000000000000e+00
0.000000000000000000e+00
0.000000000000000000e+00
0.000000000000000000e+00
0.000000000000000000e+00
0.000000000000000000e+00
0.000000000000000000e+00
0.000000000000000000e+00
0.000000000000000000e+00
0.000000000000000000e+00
0.000000000000000000e+00
0.000000000000000000e+00
0.000000000000000000e+00
0.000000000000000000e+00
0.000000000000000000e+00
0.000000000000000000e+00
0.000000000000000000e+00
0.000000000000000000e+00
0.000000000000000000e+00
0.000000000000000000e+00
0.000000000000000000e+00
0.000000000000000000e+00
0.000000000000000000e+00
0.000000000000000000e+00
0.000000000000000000e+00
0.000000000000000000e+00
0.000000000000000000e+00
0.000000000000000000e+00
0.000000000000000000e+00
0.000000000000000000e+00
0.000000000000000000e+00
0.000000000000000000e+00
0.000000000000000000e+00
0.000000000000000000e+00
0.000000000000000000e+00
0.000000000000000000e+00
0.000000000000000000e+00
0.000000000000000000e+00
0.000000000000000000e+00
0.000000000000000000e+00
0.000000000000000000e+00
0.000000000000000000e+00
0.000000000000000000e+00
0.000000000000000000e+00
0.000000000000000000e+00
0.000000000000000000e+00
-1.691192751873344351e-14
1.155300282041233529e-14
3.052880058477526703e-14
5.048101542621749878e-15
1.757206339803185711e-14
2.653619382976394313e-16
0.000000000000000000e+00
0.000000000000000000e+00
0.000000000000000000e+00
0.000000000000000000e+00
0.000000000000000000e+00
0.000000000000000000e+00
0.000000000000000000e+00
0.000000000000000000e+00
0.000000000000000000e+00
0.000000000000000000e+00
0.000000000000000000e+00
0.000000000000000000e+00
0.000000000000000000e+00
0.000000000000000000e+00
0.000000000000000000e+00
1.320660113314518091e-27
0.000000000000000000e+00
0.000000000000000000e+00
1.320660113314518091e-27
0.000000000000000000e+00
1.320660113314517374e-27
-1.689180226016690569e-28
0.000000000000000000e+00
0.000000000000000000e+00
-1.689180226016688776e-28
0.000000000000000000e+00
-1.689180226016686534e-28
9.176327517254395754e-28
0.000000000000000000e+00
0.000000000000000000e+00
9.176327517254395754e-28
0.000000000000000000e+00
9.176327517254399342e-28
0.000000000000000000e+00
0.000000000000000000e+00
0.000000000000000000e+00
0.000000000000000000e+00
0.000000000000000000e+00
0.000000000000000000e+00
0.000000000000000000e+00
0.000000000000000000e+00
0.000000000000000000e+00
0.000000000000000000e+00
0.000000000000000000e+00
0.000000000000000000e+00
0.000000000000000000e+00
0.000000000000000000e+00
0.000000000000000000e+00
0.000000000000000000e+00
0.000000000000000000e+00
0.000000000000000000e+00
0.000000000000000000e+00
0.000000000000000000e+00
-1.383252264249081067e-14
-2.270038063626937558e-15
-7.507214117515123659e-15
-1.189227185939529703e-15
-4.316268593739992394e-15
-6.628788731071408214e-17
0.000000000000000000e+00
0.000000000000000000e+00
0.000000000000000000e+00
0.000000000000000000e+00
0.000000000000000000e+00
0.000000000000000000e+00
0.000000000000000000e+00
0.000000000000000000e+00
0.000000000000000000e+00
0.000000000000000000e+00
0.000000000000000000e+00
0.000000000000000000e+00
0.000000000000000000e+00
0.000000000000000000e+00
0.000000000000000000e+00
-1.689180226016692587e-28
0.000000000000000000e+00
0.000000000000000000e+00
-1.689180226016691690e-28
0.000000000000000000e+00
-1.689180226016690569e-28
1.652112153339369366e-28
0.000000000000000000e+00
0.000000000000000000e+00
1.652112153339368694e-28
0.000000000000000000e+00
1.652112153339368469e-28
-2.158471176059920975e-28
0.000000000000000000e+00
0.000000000000000000e+00
-2.158471176059921423e-28
0.000000000000000000e+00
-2.158471176059922320e-28
0.000000000000000000e+00
0.000000000000000000e+00
0.000000000000000000e+00
0.000000000000000000e+00
0.000000000000000000e+00
0.000000000000000000e+00
0.000000000000000000e+00
0.000000000000000000e+00
0.000000000000000000e+00
0.000000000000000000e+00
0.000000000000000000e+00
0.000000000000000000e+00
0.000000000000000000e+00
0.000000000000000000e+00
0.000000000000000000e+00
0.000000000000000000e+00
0.000000000000000000e+00
0.000000000000000000e+00
0.000000000000000000e+00
0.000000000000000000e+00
0.000000000000000000e+00
0.000000000000000000e+00
0.000000000000000000e+00
0.000000000000000000e+00
0.000000000000000000e+00
0.000000000000000000e+00
0.000000000000000000e+00
0.000000000000000000e+00
0.000000000000000000e+00
0.000000000000000000e+00
0.000000000000000000e+00
0.000000000000000000e+00
0.000000000000000000e+00
0.000000000000000000e+00
0.000000000000000000e+00
0.000000000000000000e+00
0.000000000000000000e+00
0.000000000000000000e+00
0.000000000000000000e+00
0.000000000000000000e+00
0.000000000000000000e+00
0.000000000000000000e+00
0.000000000000000000e+00
0.000000000000000000e+00
0.000000000000000000e+00
0.000000000000000000e+00
0.000000000000000000e+00
0.000000000000000000e+00
0.000000000000000000e+00
0.000000000000000000e+00
0.000000000000000000e+00
0.000000000000000000e+00
0.000000000000000000e+00
0.000000000000000000e+00
0.000000000000000000e+00
0.000000000000000000e+00
0.000000000000000000e+00
0.000000000000000000e+00
0.000000000000000000e+00
0.000000000000000000e+00
0.000000000000000000e+00
0.000000000000000000e+00
0.000000000000000000e+00
0.000000000000000000e+00
0.000000000000000000e+00
0.000000000000000000e+00
0.000000000000000000e+00
0.000000000000000000e+00
0.000000000000000000e+00
0.000000000000000000e+00
0.000000000000000000e+00
0.000000000000000000e+00
0.000000000000000000e+00
0.000000000000000000e+00
0.000000000000000000e+00
0.000000000000000000e+00
0.000000000000000000e+00
0.000000000000000000e+00
0.000000000000000000e+00
0.000000000000000000e+00
0.000000000000000000e+00
0.000000000000000000e+00
0.000000000000000000e+00
0.000000000000000000e+00
0.000000000000000000e+00
0.000000000000000000e+00
0.000000000000000000e+00
0.000000000000000000e+00
0.000000000000000000e+00
0.000000000000000000e+00
0.000000000000000000e+00
0.000000000000000000e+00
0.000000000000000000e+00
0.000000000000000000e+00
0.000000000000000000e+00
0.000000000000000000e+00
0.000000000000000000e+00
0.000000000000000000e+00
0.000000000000000000e+00
0.000000000000000000e+00
0.000000000000000000e+00
0.000000000000000000e+00
0.000000000000000000e+00
0.000000000000000000e+00
0.000000000000000000e+00
0.000000000000000000e+00
0.000000000000000000e+00
0.000000000000000000e+00
0.000000000000000000e+00
0.000000000000000000e+00
0.000000000000000000e+00
0.000000000000000000e+00
0.000000000000000000e+00
0.000000000000000000e+00
0.000000000000000000e+00
0.000000000000000000e+00
0.000000000000000000e+00
0.000000000000000000e+00
0.000000000000000000e+00
0.000000000000000000e+00
0.000000000000000000e+00
0.000000000000000000e+00
0.000000000000000000e+00
0.000000000000000000e+00
0.000000000000000000e+00
0.000000000000000000e+00
0.000000000000000000e+00
0.000000000000000000e+00
0.000000000000000000e+00
0.000000000000000000e+00
0.000000000000000000e+00
0.000000000000000000e+00
0.000000000000000000e+00
0.000000000000000000e+00
0.000000000000000000e+00
0.000000000000000000e+00
0.000000000000000000e+00
0.000000000000000000e+00
-1.383252264249080909e-14
-2.270038063626934797e-15
-7.507214117515118926e-15
-1.189227185939528914e-15
-4.316268593739989238e-15
-6.628788731071403284e-17
0.000000000000000000e+00
0.000000000000000000e+00
0.000000000000000000e+00
0.000000000000000000e+00
0.000000000000000000e+00
0.000000000000000000e+00
0.000000000000000000e+00
0.000000000000000000e+00
0.000000000000000000e+00
0.000000000000000000e+00
0.000000000000000000e+00
0.000000000000000000e+00
0.000000000000000000e+00
0.000000000000000000e+00
0.000000000000000000e+00
-1.689180226016690794e-28
0.000000000000000000e+00
0.000000000000000000e+00
-1.689180226016689448e-28
0.000000000000000000e+00
-1.689180226016688776e-28
1.652112153339368694e-28
0.000000000000000000e+00
0.000000000000000000e+00
1.652112153339368021e-28
0.000000000000000000e+00
1.652112153339368021e-28
-2.158471176059919181e-28
0.000000000000000000e+00
0.000000000000000000e+00
-2.158471176059919630e-28
0.000000000000000000e+00
-2.158471176059920975e-28
0.000000000000000000e+00
0.000000000000000000e+00
0.000000000000000000e+00
0.000000000000000000e+00
0.000000000000000000e+00
0.000000000000000000e+00
0.000000000000000000e+00
0.000000000000000000e+00
0.000000000000000000e+00
0.000000000000000000e+00
0.000000000000000000e+00
0.000000000000000000e+00
0.000000000000000000e+00
0.000000000000000000e+00
0.000000000000000000e+00
0.000000000000000000e+00
0.000000000000000000e+00
0.000000000000000000e+00
0.000000000000000000e+00
0.000000000000000000e+00
0.000000000000000000e+00
0.000000000000000000e+00
0.000000000000000000e+00
0.000000000000000000e+00
0.000000000000000000e+00
0.000000000000000000e+00
0.000000000000000000e+00
0.000000000000000000e+00
0.000000000000000000e+00
0.000000000000000000e+00
0.000000000000000000e+00
0.000000000000000000e+00
0.000000000000000000e+00
0.000000000000000000e+00
0.000000000000000000e+00
0.000000000000000000e+00
0.000000000000000000e+00
0.000000000000000000e+00
0.000000000000000000e+00
0.000000000000000000e+00
0.000000000000000000e+00
0.000000000000000000e+00
0.000000000000000000e+00
0.000000000000000000e+00
0.000000000000000000e+00
0.000000000000000000e+00
0.000000000000000000e+00
0.000000000000000000e+00
0.000000000000000000e+00
0.000000000000000000e+00
0.000000000000000000e+00
0.000000000000000000e+00
0.000000000000000000e+00
0.000000000000000000e+00
0.000000000000000000e+00
0.000000000000000000e+00
0.000000000000000000e+00
0.000000000000000000e+00
0.000000000000000000e+00
0.000000000000000000e+00
0.000000000000000000e+00
0.000000000000000000e+00
0.000000000000000000e+00
0.000000000000000000e+00
0.000000000000000000e+00
0.000000000000000000e+00
0.000000000000000000e+00
0.000000000000000000e+00
0.000000000000000000e+00
0.000000000000000000e+00
0.000000000000000000e+00
0.000000000000000000e+00
0.000000000000000000e+00
0.000000000000000000e+00
0.000000000000000000e+00
0.000000000000000000e+00
0.000000000000000000e+00
0.000000000000000000e+00
0.000000000000000000e+00
-1.383252264249081224e-14
-2.270038063626932825e-15
-7.507214117515112615e-15
-1.189227185939527928e-15
-4.316268593739986083e-15
-6.628788731071398353e-17
0.000000000000000000e+00
0.000000000000000000e+00
0.000000000000000000e+00
0.000000000000000000e+00
0.000000000000000000e+00
0.000000000000000000e+00
0.000000000000000000e+00
0.000000000000000000e+00
0.000000000000000000e+00
0.000000000000000000e+00
0.000000000000000000e+00
0.000000000000000000e+00
0.000000000000000000e+00
0.000000000000000000e+00
0.000000000000000000e+00
-1.689180226016688776e-28
0.000000000000000000e+00
0.000000000000000000e+00
-1.689180226016687430e-28
0.000000000000000000e+00
-1.689180226016686534e-28
1.652112153339368469e-28
0.000000000000000000e+00
0.000000000000000000e+00
1.652112153339368021e-28
0.000000000000000000e+00
1.652112153339367573e-28
-2.158471176059917836e-28
0.000000000000000000e+00
0.000000000000000000e+00
-2.158471176059918285e-28
0.000000000000000000e+00
-2.158471176059919630e-28
0.000000000000000000e+00
0.000000000000000000e+00
0.000000000000000000e+00
0.000000000000000000e+00
0.000000000000000000e+00
0.000000000000000000e+00
0.000000000000000000e+00
0.000000000000000000e+00
0.000000000000000000e+00
0.000000000000000000e+00
0.000000000000000000e+00
0.000000000000000000e+00
0.000000000000000000e+00
0.000000000000000000e+00
0.000000000000000000e+00
0.000000000000000000e+00
0.000000000000000000e+00
0.000000000000000000e+00
0.000000000000000000e+00
0.000000000000000000e+00
-8.165146280388751089e-16
7.585831182187659825e-15
2.384711422046327860e-14
3.832090879376120038e-15
1.371889099913171951e-14
2.087406560326159876e-16
0.000000000000000000e+00
0.000000000000000000e+00
0.000000000000000000e+00
0.000000000000000000e+00
0.000000000000000000e+00
0.000000000000000000e+00
0.000000000000000000e+00
0.000000000000000000e+00
0.000000000000000000e+00
0.000000000000000000e+00
0.000000000000000000e+00
0.000000000000000000e+00
0.000000000000000000e+00
0.000000000000000000e+00
0.000000000000000000e+00
9.176327517254401135e-28
0.000000000000000000e+00
0.000000000000000000e+00
9.176327517254399342e-28
0.000000000000000000e+00
9.176327517254395754e-28
-2.158471176059920975e-28
0.000000000000000000e+00
0.000000000000000000e+00
-2.158471176059919181e-28
0.000000000000000000e+00
-2.158471176059917836e-28
7.057003293580922907e-28
0.000000000000000000e+00
0.000000000000000000e+00
7.057003293580922907e-28
0.000000000000000000e+00
7.057003293580926494e-28
0.000000000000000000e+00
0.000000000000000000e+00
0.000000000000000000e+00
0.000000000000000000e+00
0.000000000000000000e+00
0.000000000000000000e+00
0.000000000000000000e+00
0.000000000000000000e+00
0.000000000000000000e+00
0.000000000000000000e+00
0.000000000000000000e+00
0.000000000000000000e+00
0.000000000000000000e+00
0.000000000000000000e+00
0.000000000000000000e+00
0.000000000000000000e+00
0.000000000000000000e+00
0.000000000000000000e+00
0.000000000000000000e+00
0.000000000000000000e+00
0.000000000000000000e+00
0.000000000000000000e+00
0.000000000000000000e+00
0.000000000000000000e+00
0.000000000000000000e+00
0.000000000000000000e+00
0.000000000000000000e+00
0.000000000000000000e+00
0.000000000000000000e+00
0.000000000000000000e+00
0.000000000000000000e+00
0.000000000000000000e+00
0.000000000000000000e+00
0.000000000000000000e+00
0.000000000000000000e+00
0.000000000000000000e+00
0.000000000000000000e+00
0.000000000000000000e+00
0.000000000000000000e+00
0.000000000000000000e+00
0.000000000000000000e+00
0.000000000000000000e+00
0.000000000000000000e+00
0.000000000000000000e+00
0.000000000000000000e+00
0.000000000000000000e+00
0.000000000000000000e+00
0.000000000000000000e+00
0.000000000000000000e+00
0.000000000000000000e+00
0.000000000000000000e+00
0.000000000000000000e+00
0.000000000000000000e+00
0.000000000000000000e+00
0.000000000000000000e+00
0.000000000000000000e+00
0.000000000000000000e+00
0.000000000000000000e+00
0.000000000000000000e+00
0.000000000000000000e+00
0.000000000000000000e+00
0.000000000000000000e+00
0.000000000000000000e+00
0.000000000000000000e+00
0.000000000000000000e+00
0.000000000000000000e+00
0.000000000000000000e+00
0.000000000000000000e+00
0.000000000000000000e+00
0.000000000000000000e+00
0.000000000000000000e+00
0.000000000000000000e+00
0.000000000000000000e+00
0.000000000000000000e+00
0.000000000000000000e+00
0.000000000000000000e+00
0.000000000000000000e+00
0.000000000000000000e+00
0.000000000000000000e+00
0.000000000000000000e+00
0.000000000000000000e+00
0.000000000000000000e+00
0.000000000000000000e+00
0.000000000000000000e+00
0.000000000000000000e+00
0.000000000000000000e+00
0.000000000000000000e+00
0.000000000000000000e+00
0.000000000000000000e+00
0.000000000000000000e+00
0.000000000000000000e+00
0.000000000000000000e+00
0.000000000000000000e+00
0.000000000000000000e+00
0.000000000000000000e+00
0.000000000000000000e+00
0.000000000000000000e+00
0.000000000000000000e+00
0.000000000000000000e+00
0.000000000000000000e+00
0.000000000000000000e+00
0.000000000000000000e+00
0.000000000000000000e+00
0.000000000000000000e+00
0.000000000000000000e+00
0.000000000000000000e+00
0.000000000000000000e+00
0.000000000000000000e+00
0.000000000000000000e+00
0.000000000000000000e+00
0.000000000000000000e+00
0.000000000000000000e+00
0.000000000000000000e+00
0.000000000000000000e+00
0.000000000000000000e+00
0.000000000000000000e+00
0.000000000000000000e+00
0.000000000000000000e+00
0.000000000000000000e+00
0.000000000000000000e+00
0.000000000000000000e+00
0.000000000000000000e+00
0.000000000000000000e+00
0.000000000000000000e+00
0.000000000000000000e+00
0.000000000000000000e+00
0.000000000000000000e+00
0.000000000000000000e+00
0.000000000000000000e+00
0.000000000000000000e+00
0.000000000000000000e+00
0.000000000000000000e+00
0.000000000000000000e+00
0.000000000000000000e+00
0.000000000000000000e+00
0.000000000000000000e+00
0.000000000000000000e+00
0.000000000000000000e+00
-8.165146280388689952e-16
7.585831182187659825e-15
2.384711422046327860e-14
3.832090879376120038e-15
1.371889099913171951e-14
2.087406560326160123e-16
0.000000000000000000e+00
0.000000000000000000e+00
0.000000000000000000e+00
0.000000000000000000e+00
0.000000000000000000e+00
0.000000000000000000e+00
0.000000000000000000e+00
0.000000000000000000e+00
0.000000000000000000e+00
0.000000000000000000e+00
0.000000000000000000e+00
0.000000000000000000e+00
0.000000000000000000e+00
0.000000000000000000e+00
0.000000000000000000e+00
9.176327517254401135e-28
0.000000000000000000e+00
0.000000000000000000e+00
9.176327517254399342e-28
0.000000000000000000e+00
9.176327517254395754e-28
-2.158471176059921423e-28
0.000000000000000000e+00
0.000000000000000000e+00
-2.158471176059919630e-28
0.000000000000000000e+00
-2.158471176059918285e-28
7.057003293580922907e-28
0.000000000000000000e+00
0.000000000000000000e+00
7.057003293580922907e-28
0.000000000000000000e+00
7.057003293580926494e-28
0.000000000000000000e+00
0.000000000000000000e+00
0.000000000000000000e+00
0.000000000000000000e+00
0.000000000000000000e+00
0.000000000000000000e+00
0.000000000000000000e+00
0.000000000000000000e+00
0.000000000000000000e+00
0.000000000000000000e+00
0.000000000000000000e+00
0.000000000000000000e+00
0.000000000000000000e+00
0.000000000000000000e+00
0.000000000000000000e+00
0.000000000000000000e+00
0.000000000000000000e+00
0.000000000000000000e+00
0.000000000000000000e+00
0.000000000000000000e+00
0.000000000000000000e+00
0.000000000000000000e+00
0.000000000000000000e+00
0.000000000000000000e+00
0.000000000000000000e+00
0.000000000000000000e+00
0.000000000000000000e+00
0.000000000000000000e+00
0.000000000000000000e+00
0.000000000000000000e+00
0.000000000000000000e+00
0.000000000000000000e+00
0.000000000000000000e+00
0.000000000000000000e+00
0.000000000000000000e+00
0.000000000000000000e+00
0.000000000000000000e+00
0.000000000000000000e+00
0.000000000000000000e+00
0.000000000000000000e+00
0.000000000000000000e+00
0.000000000000000000e+00
0.000000000000000000e+00
0.000000000000000000e+00
0.000000000000000000e+00
0.000000000000000000e+00
0.000000000000000000e+00
0.000000000000000000e+00
0.000000000000000000e+00
0.000000000000000000e+00
0.000000000000000000e+00
0.000000000000000000e+00
0.000000000000000000e+00
0.000000000000000000e+00
0.000000000000000000e+00
0.000000000000000000e+00
0.000000000000000000e+00
0.000000000000000000e+00
0.000000000000000000e+00
0.000000000000000000e+00
0.000000000000000000e+00
0.000000000000000000e+00
0.000000000000000000e+00
0.000000000000000000e+00
0.000000000000000000e+00
0.000000000000000000e+00
0.000000000000000000e+00
0.000000000000000000e+00
0.000000000000000000e+00
0.000000000000000000e+00
0.000000000000000000e+00
0.000000000000000000e+00
0.000000000000000000e+00
0.000000000000000000e+00
0.000000000000000000e+00
0.000000000000000000e+00
0.000000000000000000e+00
0.000000000000000000e+00
0.000000000000000000e+00
-8.165146280388734326e-16
7.585831182187664558e-15
2.384711422046329122e-14
3.832090879376122405e-15
1.371889099913172740e-14
2.087406560326160862e-16
0.000000000000000000e+00
0.000000000000000000e+00
0.000000000000000000e+00
0.000000000000000000e+00
0.000000000000000000e+00
0.000000000000000000e+00
0.000000000000000000e+00
0.000000000000000000e+00
0.000000000000000000e+00
0.000000000000000000e+00
0.000000000000000000e+00
0.000000000000000000e+00
0.000000000000000000e+00
0.000000000000000000e+00
0.000000000000000000e+00
9.176327517254404723e-28
0.000000000000000000e+00
0.000000000000000000e+00
9.176327517254404723e-28
0.000000000000000000e+00
9.176327517254399342e-28
-2.158471176059922320e-28
0.000000000000000000e+00
0.000000000000000000e+00
-2.158471176059920975e-28
0.000000000000000000e+00
-2.158471176059919630e-28
7.057003293580926494e-28
0.000000000000000000e+00
0.000000000000000000e+00
7.057003293580926494e-28
0.000000000000000000e+00
7.057003293580930082e-28
0.000000000000000000e+00
0.000000000000000000e+00
0.000000000000000000e+00
0.000000000000000000e+00
0.000000000000000000e+00
0.000000000000000000e+00
0.000000000000000000e+00
0.000000000000000000e+00
0.000000000000000000e+00
0.000000000000000000e+00
0.000000000000000000e+00
0.000000000000000000e+00
0.000000000000000000e+00
0.000000000000000000e+00
0.000000000000000000e+00
0.000000000000000000e+00
0.000000000000000000e+00
0.000000000000000000e+00
0.000000000000000000e+00
0.000000000000000000e+00
0.000000000000000000e+00
0.000000000000000000e+00
0.000000000000000000e+00
0.000000000000000000e+00
0.000000000000000000e+00
0.000000000000000000e+00
-1.455094098574012827e-13
0.000000000000000000e+00
0.000000000000000000e+00
-2.149906706815710006e-14
0.000000000000000000e+00
0.000000000000000000e+00
-1.774535374865570413e-14
0.000000000000000000e+00
0.000000000000000000e+00
-1.555920416912422725e-14
0.000000000000000000e+00
0.000000000000000000e+00
-1.494475217616256061e-15
0.000000000000000000e+00
0.000000000000000000e+00
0.000000000000000000e+00
0.000000000000000000e+00
0.000000000000000000e+00
0.000000000000000000e+00
0.000000000000000000e+00
0.000000000000000000e+00
0.000000000000000000e+00
0.000000000000000000e+00
0.000000000000000000e+00
0.000000000000000000e+00
0.000000000000000000e+00
0.000000000000000000e+00
0.000000000000000000e+00
0.000000000000000000e+00
0.000000000000000000e+00
0.000000000000000000e+00
0.000000000000000000e+00
0.000000000000000000e+00
1.241860935101915721e-26
0.000000000000000000e+00
0.000000000000000000e+00
1.238701320953462697e-26
0.000000000000000000e+00
1.238372783348982379e-26
0.000000000000000000e+00
0.000000000000000000e+00
0.000000000000000000e+00
0.000000000000000000e+00
6.809617374847221437e-27
0.000000000000000000e+00
0.000000000000000000e+00
6.827417720333420320e-27
0.000000000000000000e+00
6.829998989237810513e-27
0.000000000000000000e+00
0.000000000000000000e+00
0.000000000000000000e+00
0.000000000000000000e+00
0.000000000000000000e+00
0.000000000000000000e+00
0.000000000000000000e+00
0.000000000000000000e+00
0.000000000000000000e+00
0.000000000000000000e+00
0.000000000000000000e+00
-1.453812136612583094e-13
0.000000000000000000e+00
0.000000000000000000e+00
-2.109597157906290506e-14
0.000000000000000000e+00
0.000000000000000000e+00
-1.757806199235188421e-14
0.000000000000000000e+00
0.000000000000000000e+00
-1.527592608680492285e-14
0.000000000000000000e+00
0.000000000000000000e+00
-1.464669385644557446e-15
0.000000000000000000e+00
0.000000000000000000e+00
0.000000000000000000e+00
0.000000000000000000e+00
0.000000000000000000e+00
0.000000000000000000e+00
0.000000000000000000e+00
0.000000000000000000e+00
0.000000000000000000e+00
0.000000000000000000e+00
0.000000000000000000e+00
0.000000000000000000e+00
0.000000000000000000e+00
0.000000000000000000e+00
0.000000000000000000e+00
0.000000000000000000e+00
0.000000000000000000e+00
0.000000000000000000e+00
0.000000000000000000e+00
0.000000000000000000e+00
1.235582663063564377e-26
0.000000000000000000e+00
0.000000000000000000e+00
0.000000000000000000e+00
0.000000000000000000e+00
1.238701320953451361e-26
0.000000000000000000e+00
1.235258541254022718e-26
0.000000000000000000e+00
0.000000000000000000e+00
6.809496294125286731e-27
0.000000000000000000e+00
0.000000000000000000e+00
0.000000000000000000e+00
0.000000000000000000e+00
6.791937817308280275e-27
0.000000000000000000e+00
6.812049691631906730e-27
0.000000000000000000e+00
0.000000000000000000e+00
0.000000000000000000e+00
0.000000000000000000e+00
0.000000000000000000e+00
0.000000000000000000e+00
0.000000000000000000e+00
0.000000000000000000e+00
0.000000000000000000e+00
-1.440570074708487176e-13
0.000000000000000000e+00
0.000000000000000000e+00
-9.627574317259819445e-15
0.000000000000000000e+00
0.000000000000000000e+00
-1.296627781909550327e-14
0.000000000000000000e+00
0.000000000000000000e+00
-7.223980737696866313e-15
0.000000000000000000e+00
0.000000000000000000e+00
-6.150739216086943019e-16
0.000000000000000000e+00
0.000000000000000000e+00
0.000000000000000000e+00
0.000000000000000000e+00
0.000000000000000000e+00
0.000000000000000000e+00
0.000000000000000000e+00
0.000000000000000000e+00
0.000000000000000000e+00
0.000000000000000000e+00
0.000000000000000000e+00
0.000000000000000000e+00
0.000000000000000000e+00
0.000000000000000000e+00
0.000000000000000000e+00
0.000000000000000000e+00
0.000000000000000000e+00
0.000000000000000000e+00
0.000000000000000000e+00
0.000000000000000000e+00
1.126564269055304298e-26
0.000000000000000000e+00
0.000000000000000000e+00
0.000000000000000000e+00
0.000000000000000000e+00
1.126564269055303581e-26
0.000000000000000000e+00
1.128515345736969684e-26
0.000000000000000000e+00
0.000000000000000000e+00
6.181203658070026719e-27
0.000000000000000000e+00
0.000000000000000000e+00
0.000000000000000000e+00
0.000000000000000000e+00
6.181203658070031024e-27
0.000000000000000000e+00
6.168586767247954147e-27
0.000000000000000000e+00
0.000000000000000000e+00
0.000000000000000000e+00
0.000000000000000000e+00
0.000000000000000000e+00
0.000000000000000000e+00
-1.453812136612590162e-13
0.000000000000000000e+00
0.000000000000000000e+00
-2.109597157906300919e-14
0.000000000000000000e+00
0.000000000000000000e+00
-1.757806199235196941e-14
0.000000000000000000e+00
0.000000000000000000e+00
-1.527592608680499542e-14
0.000000000000000000e+00
0.000000000000000000e+00
-1.464669385644564940e-15
0.000000000000000000e+00
0.000000000000000000e+00
0.000000000000000000e+00
0.000000000000000000e+00
0.000000000000000000e+00
0.000000000000000000e+00
0.000000000000000000e+00
0.000000000000000000e+00
0.000000000000000000e+00
0.000000000000000000e+00
0.000000000000000000e+00
0.000000000000000000e+00
0.000000000000000000e+00
0.000000000000000000e+00
0.000000000000000000e+00
0.000000000000000000e+00
0.000000000000000000e+00
0.000000000000000000e+00
0.000000000000000000e+00
0.000000000000000000e+00
1.238701320953462697e-26
0.000000000000000000e+00
0.000000000000000000e+00
1.235582663063576430e-26
0.000000000000000000e+00
1.235258541254033624e-26
0.000000000000000000e+00
0.000000000000000000e+00
0.000000000000000000e+00
0.000000000000000000e+00
6.791937817308360631e-27
0.000000000000000000e+00
0.000000000000000000e+00
6.809496294125359913e-27
0.000000000000000000e+00
6.812049691631988521e-27
0.000000000000000000e+00
0.000000000000000000e+00
0.000000000000000000e+00
0.000000000000000000e+00
0.000000000000000000e+00
0.000000000000000000e+00
0.000000000000000000e+00
0.000000000000000000e+00
0.000000000000000000e+00
0.000000000000000000e+00
0.000000000000000000e+00
0.000000000000000000e+00
0.000000000000000000e+00
0.000000000000000000e+00
0.000000000000000000e+00
0.000000000000000000e+00
0.000000000000000000e+00
0.000000000000000000e+00
0.000000000000000000e+00
0.000000000000000000e+00
0.000000000000000000e+00
0.000000000000000000e+00
0.000000000000000000e+00
0.000000000000000000e+00
0.000000000000000000e+00
0.000000000000000000e+00
0.000000000000000000e+00
0.000000000000000000e+00
0.000000000000000000e+00
0.000000000000000000e+00
0.000000000000000000e+00
0.000000000000000000e+00
0.000000000000000000e+00
0.000000000000000000e+00
0.000000000000000000e+00
0.000000000000000000e+00
0.000000000000000000e+00
0.000000000000000000e+00
0.000000000000000000e+00
0.000000000000000000e+00
0.000000000000000000e+00
0.000000000000000000e+00
0.000000000000000000e+00
0.000000000000000000e+00
0.000000000000000000e+00
0.000000000000000000e+00
0.000000000000000000e+00
0.000000000000000000e+00
0.000000000000000000e+00
0.000000000000000000e+00
0.000000000000000000e+00
0.000000000000000000e+00
0.000000000000000000e+00
0.000000000000000000e+00
0.000000000000000000e+00
0.000000000000000000e+00
0.000000000000000000e+00
0.000000000000000000e+00
0.000000000000000000e+00
0.000000000000000000e+00
0.000000000000000000e+00
0.000000000000000000e+00
0.000000000000000000e+00
0.000000000000000000e+00
0.000000000000000000e+00
0.000000000000000000e+00
0.000000000000000000e+00
0.000000000000000000e+00
0.000000000000000000e+00
-1.453690391997806960e-13
0.000000000000000000e+00
0.000000000000000000e+00
-2.105239431016108748e-14
0.000000000000000000e+00
0.000000000000000000e+00
-1.756008382256554336e-14
0.000000000000000000e+00
0.000000000000000000e+00
-1.524530733935009902e-14
0.000000000000000000e+00
0.000000000000000000e+00
-1.461446022963933870e-15
0.000000000000000000e+00
0.000000000000000000e+00
0.000000000000000000e+00
0.000000000000000000e+00
0.000000000000000000e+00
0.000000000000000000e+00
0.000000000000000000e+00
0.000000000000000000e+00
0.000000000000000000e+00
0.000000000000000000e+00
0.000000000000000000e+00
0.000000000000000000e+00
0.000000000000000000e+00
0.000000000000000000e+00
0.000000000000000000e+00
0.000000000000000000e+00
0.000000000000000000e+00
0.000000000000000000e+00
0.000000000000000000e+00
0.000000000000000000e+00
1.238372783348982379e-26
0.000000000000000000e+00
0.000000000000000000e+00
1.235258541254033624e-26
0.000000000000000000e+00
1.234934895691023884e-26
0.000000000000000000e+00
0.000000000000000000e+00
0.000000000000000000e+00
0.000000000000000000e+00
6.790097801051066427e-27
0.000000000000000000e+00
0.000000000000000000e+00
6.807630189798712837e-27
0.000000000000000000e+00
6.810180587521702089e-27
0.000000000000000000e+00
0.000000000000000000e+00
0.000000000000000000e+00
0.000000000000000000e+00
0.000000000000000000e+00
0.000000000000000000e+00
0.000000000000000000e+00
0.000000000000000000e+00
0.000000000000000000e+00
0.000000000000000000e+00
0.000000000000000000e+00
-1.455094098574006769e-13
0.000000000000000000e+00
0.000000000000000000e+00
-2.149906706815700540e-14
0.000000000000000000e+00
0.000000000000000000e+00
-1.774535374865562840e-14
0.000000000000000000e+00
0.000000000000000000e+00
-1.555920416912416098e-14
0.000000000000000000e+00
0.000000000000000000e+00
-1.494475217616249553e-15
0.000000000000000000e+00
0.000000000000000000e+00
0.000000000000000000e+00
0.000000000000000000e+00
0.000000000000000000e+00
0.000000000000000000e+00
0.000000000000000000e+00
0.000000000000000000e+00
0.000000000000000000e+00
0.000000000000000000e+00
0.000000000000000000e+00
0.000000000000000000e+00
0.000000000000000000e+00
0.000000000000000000e+00
0.000000000000000000e+00
0.000000000000000000e+00
0.000000000000000000e+00
0.000000000000000000e+00
0.000000000000000000e+00
0.000000000000000000e+00
1.238701320953451361e-26
0.000000000000000000e+00
0.000000000000000000e+00
0.000000000000000000e+00
0.000000000000000000e+00
1.241860935101905246e-26
0.000000000000000000e+00
1.238372783348972334e-26
0.000000000000000000e+00
0.000000000000000000e+00
6.827417720333350008e-27
0.000000000000000000e+00
0.000000000000000000e+00
0.000000000000000000e+00
0.000000000000000000e+00
6.809617374847143950e-27
0.000000000000000000e+00
6.829998989237733027e-27
0.000000000000000000e+00
0.000000000000000000e+00
0.000000000000000000e+00
0.000000000000000000e+00
0.000000000000000000e+00
0.000000000000000000e+00
0.000000000000000000e+00
0.000000000000000000e+00
0.000000000000000000e+00
-1.440570074708486419e-13
0.000000000000000000e+00
0.000000000000000000e+00
-9.627574317259813134e-15
0.000000000000000000e+00
0.000000000000000000e+00
-1.296627781909549538e-14
0.000000000000000000e+00
0.000000000000000000e+00
-7.223980737696861580e-15
0.000000000000000000e+00
0.000000000000000000e+00
-6.150739216086939074e-16
0.000000000000000000e+00
0.000000000000000000e+00
0.000000000000000000e+00
0.000000000000000000e+00
0.000000000000000000e+00
0.000000000000000000e+00
0.000000000000000000e+00
0.000000000000000000e+00
0.000000000000000000e+00
0.000000000000000000e+00
0.000000000000000000e+00
0.000000000000000000e+00
0.000000000000000000e+00
0.000000000000000000e+00
0.000000000000000000e+00
0.000000000000000000e+00
0.000000000000000000e+00
0.000000000000000000e+00
0.000000000000000000e+00
0.000000000000000000e+00
1.126564269055303581e-26
0.000000000000000000e+00
0.000000000000000000e+00
0.000000000000000000e+00
0.000000000000000000e+00
1.126564269055302863e-26
0.000000000000000000e+00
1.128515345736968966e-26
0.000000000000000000e+00
0.000000000000000000e+00
6.181203658070022414e-27
0.000000000000000000e+00
0.000000000000000000e+00
0.000000000000000000e+00
0.000000000000000000e+00
6.181203658070026719e-27
0.000000000000000000e+00
6.168586767247949842e-27
0.000000000000000000e+00
0.000000000000000000e+00
0.000000000000000000e+00
0.000000000000000000e+00
0.000000000000000000e+00
0.000000000000000000e+00
0.000000000000000000e+00
-1.453690391997801154e-13
0.000000000000000000e+00
0.000000000000000000e+00
-2.105239431016099913e-14
0.000000000000000000e+00
0.000000000000000000e+00
-1.756008382256547394e-14
0.000000000000000000e+00
0.000000000000000000e+00
-1.524530733935003275e-14
0.000000000000000000e+00
0.000000000000000000e+00
-1.461446022963927954e-15
0.000000000000000000e+00
0.000000000000000000e+00
0.000000000000000000e+00
0.000000000000000000e+00
0.000000000000000000e+00
0.000000000000000000e+00
0.000000000000000000e+00
0.000000000000000000e+00
0.000000000000000000e+00
0.000000000000000000e+00
0.000000000000000000e+00
0.000000000000000000e+00
0.000000000000000000e+00
0.000000000000000000e+00
0.000000000000000000e+00
0.000000000000000000e+00
0.000000000000000000e+00
0.000000000000000000e+00
0.000000000000000000e+00
0.000000000000000000e+00
1.235258541254022718e-26
0.000000000000000000e+00
0.000000000000000000e+00
0.000000000000000000e+00
0.000000000000000000e+00
1.238372783348972334e-26
0.000000000000000000e+00
1.234934895691014270e-26
0.000000000000000000e+00
0.000000000000000000e+00
6.807630189798646830e-27
0.000000000000000000e+00
0.000000000000000000e+00
0.000000000000000000e+00
0.000000000000000000e+00
6.790097801050991811e-27
0.000000000000000000e+00
6.810180587521627473e-27
0.000000000000000000e+00
0.000000000000000000e+00
0.000000000000000000e+00
0.000000000000000000e+00
0.000000000000000000e+00
0.000000000000000000e+00
0.000000000000000000e+00
0.000000000000000000e+00
0.000000000000000000e+00
-1.442145882772618187e-13
0.000000000000000000e+00
0.000000000000000000e+00
-9.931281864239607889e-15
0.000000000000000000e+00
0.000000000000000000e+00
-1.309620242864452205e-14
0.000000000000000000e+00
0.000000000000000000e+00
-7.437611456384617645e-15
0.000000000000000000e+00
0.000000000000000000e+00
-6.374888949221192465e-16
0.000000000000000000e+00
0.000000000000000000e+00
0.000000000000000000e+00
0.000000000000000000e+00
0.000000000000000000e+00
0.000000000000000000e+00
0.000000000000000000e+00
0.000000000000000000e+00
0.000000000000000000e+00
0.000000000000000000e+00
0.000000000000000000e+00
0.000000000000000000e+00
0.000000000000000000e+00
0.000000000000000000e+00
0.000000000000000000e+00
0.000000000000000000e+00
0.000000000000000000e+00
0.000000000000000000e+00
0.000000000000000000e+00
0.000000000000000000e+00
1.128515345736969684e-26
0.000000000000000000e+00
0.000000000000000000e+00
0.000000000000000000e+00
0.000000000000000000e+00
1.128515345736968966e-26
0.000000000000000000e+00
1.130490515955552831e-26
0.000000000000000000e+00
0.000000000000000000e+00
6.192519767025603128e-27
0.000000000000000000e+00
0.000000000000000000e+00
0.000000000000000000e+00
0.000000000000000000e+00
6.192519767025608868e-27
0.000000000000000000e+00
6.179760912480373153e-27
0.000000000000000000e+00
0.000000000000000000e+00
0.000000000000000000e+00
0.000000000000000000e+00
0.000000000000000000e+00
0.000000000000000000e+00
-7.952822558174484410e-14
0.000000000000000000e+00
0.000000000000000000e+00
-1.216361028234857500e-14
0.000000000000000000e+00
0.000000000000000000e+00
-9.861888836954137846e-15
0.000000000000000000e+00
0.000000000000000000e+00
-8.793902117336146871e-15
0.000000000000000000e+00
0.000000000000000000e+00
-8.474556623176023041e-16
0.000000000000000000e+00
0.000000000000000000e+00
0.000000000000000000e+00
0.000000000000000000e+00
0.000000000000000000e+00
0.000000000000000000e+00
0.000000000000000000e+00
0.000000000000000000e+00
0.000000000000000000e+00
0.000000000000000000e+00
0.000000000000000000e+00
0.000000000000000000e+00
0.000000000000000000e+00
0.000000000000000000e+00
0.000000000000000000e+00
0.000000000000000000e+00
0.000000000000000000e+00
0.000000000000000000e+00
0.000000000000000000e+00
0.000000000000000000e+00
6.809617374847221437e-27
0.000000000000000000e+00
0.000000000000000000e+00
6.791937817308360631e-27
0.000000000000000000e+00
6.790097801051066427e-27
0.000000000000000000e+00
0.000000000000000000e+00
0.000000000000000000e+00
0.000000000000000000e+00
3.734365006372989792e-27
0.000000000000000000e+00
0.000000000000000000e+00
3.744337131267828769e-27
0.000000000000000000e+00
3.745775463225168448e-27
0.000000000000000000e+00
0.000000000000000000e+00
0.000000000000000000e+00
0.000000000000000000e+00
0.000000000000000000e+00
0.000000000000000000e+00
0.000000000000000000e+00
0.000000000000000000e+00
0.000000000000000000e+00
0.000000000000000000e+00
0.000000000000000000e+00
-7.959226227984510055e-14
0.000000000000000000e+00
0.000000000000000000e+00
-1.240248570374191762e-14
0.000000000000000000e+00
0.000000000000000000e+00
-9.960267156182296753e-15
0.000000000000000000e+00
0.000000000000000000e+00
-8.961734662863448857e-15
0.000000000000000000e+00
0.000000000000000000e+00
-8.651268682014107339e-16
0.000000000000000000e+00
0.000000000000000000e+00
0.000000000000000000e+00
0.000000000000000000e+00
0.000000000000000000e+00
0.000000000000000000e+00
0.000000000000000000e+00
0.000000000000000000e+00
0.000000000000000000e+00
0.000000000000000000e+00
0.000000000000000000e+00
0.000000000000000000e+00
0.000000000000000000e+00
0.000000000000000000e+00
0.000000000000000000e+00
0.000000000000000000e+00
0.000000000000000000e+00
0.000000000000000000e+00
0.000000000000000000e+00
0.000000000000000000e+00
6.809496294125286731e-27
0.000000000000000000e+00
0.000000000000000000e+00
0.000000000000000000e+00
0.000000000000000000e+00
6.827417720333350008e-27
0.000000000000000000e+00
6.807630189798646830e-27
0.000000000000000000e+00
0.000000000000000000e+00
3.754452166487314744e-27
0.000000000000000000e+00
0.000000000000000000e+00
0.000000000000000000e+00
0.000000000000000000e+00
3.744337131267779981e-27
0.000000000000000000e+00
3.755906920903535489e-27
0.000000000000000000e+00
0.000000000000000000e+00
0.000000000000000000e+00
0.000000000000000000e+00
0.000000000000000000e+00
0.000000000000000000e+00
0.000000000000000000e+00
0.000000000000000000e+00
0.000000000000000000e+00
-7.876973244336158805e-14
0.000000000000000000e+00
0.000000000000000000e+00
-6.129063050973205557e-15
0.000000000000000000e+00
0.000000000000000000e+00
-7.431291393221497164e-15
0.000000000000000000e+00
0.000000000000000000e+00
-4.556854603512869241e-15
0.000000000000000000e+00
0.000000000000000000e+00
-4.004500434321339916e-16
0.000000000000000000e+00
0.000000000000000000e+00
0.000000000000000000e+00
0.000000000000000000e+00
0.000000000000000000e+00
0.000000000000000000e+00
0.000000000000000000e+00
0.000000000000000000e+00
0.000000000000000000e+00
0.000000000000000000e+00
0.000000000000000000e+00
0.000000000000000000e+00
0.000000000000000000e+00
0.000000000000000000e+00
0.000000000000000000e+00
0.000000000000000000e+00
0.000000000000000000e+00
0.000000000000000000e+00
0.000000000000000000e+00
0.000000000000000000e+00
6.181203658070026719e-27
0.000000000000000000e+00
0.000000000000000000e+00
0.000000000000000000e+00
0.000000000000000000e+00
6.181203658070022414e-27
0.000000000000000000e+00
6.192519767025603128e-27
0.000000000000000000e+00
0.000000000000000000e+00
3.393288989316053722e-27
0.000000000000000000e+00
0.000000000000000000e+00
0.000000000000000000e+00
0.000000000000000000e+00
3.393288989316055874e-27
0.000000000000000000e+00
3.386012103494787243e-27
0.000000000000000000e+00
0.000000000000000000e+00
0.000000000000000000e+00
0.000000000000000000e+00
0.000000000000000000e+00
0.000000000000000000e+00
-7.959226227984558017e-14
0.000000000000000000e+00
0.000000000000000000e+00
-1.240248570374199019e-14
0.000000000000000000e+00
0.000000000000000000e+00
-9.960267156182356706e-15
0.000000000000000000e+00
0.000000000000000000e+00
-8.961734662863500922e-15
0.000000000000000000e+00
0.000000000000000000e+00
-8.651268682014158615e-16
0.000000000000000000e+00
0.000000000000000000e+00
0.000000000000000000e+00
0.000000000000000000e+00
0.000000000000000000e+00
0.000000000000000000e+00
0.000000000000000000e+00
0.000000000000000000e+00
0.000000000000000000e+00
0.000000000000000000e+00
0.000000000000000000e+00
0.000000000000000000e+00
0.000000000000000000e+00
0.000000000000000000e+00
0.000000000000000000e+00
0.000000000000000000e+00
0.000000000000000000e+00
0.000000000000000000e+00
0.000000000000000000e+00
0.000000000000000000e+00
6.827417720333420320e-27
0.000000000000000000e+00
0.000000000000000000e+00
6.809496294125359913e-27
0.000000000000000000e+00
6.807630189798712837e-27
0.000000000000000000e+00
0.000000000000000000e+00
0.000000000000000000e+00
0.000000000000000000e+00
3.744337131267828769e-27
0.000000000000000000e+00
0.000000000000000000e+00
3.754452166487359226e-27
0.000000000000000000e+00
3.755906920903584276e-27
0.000000000000000000e+00
0.000000000000000000e+00
0.000000000000000000e+00
0.000000000000000000e+00
0.000000000000000000e+00
0.000000000000000000e+00
0.000000000000000000e+00
0.000000000000000000e+00
0.000000000000000000e+00
0.000000000000000000e+00
0.000000000000000000e+00
0.000000000000000000e+00
0.000000000000000000e+00
0.000000000000000000e+00
0.000000000000000000e+00
0.000000000000000000e+00
0.000000000000000000e+00
0.000000000000000000e+00
0.000000000000000000e+00
0.000000000000000000e+00
0.000000000000000000e+00
0.000000000000000000e+00
0.000000000000000000e+00
0.000000000000000000e+00
0.000000000000000000e+00
0.000000000000000000e+00
0.000000000000000000e+00
0.000000000000000000e+00
0.000000000000000000e+00
0.000000000000000000e+00
0.000000000000000000e+00
0.000000000000000000e+00
0.000000000000000000e+00
0.000000000000000000e+00
0.000000000000000000e+00
0.000000000000000000e+00
0.000000000000000000e+00
0.000000000000000000e+00
0.000000000000000000e+00
0.000000000000000000e+00
0.000000000000000000e+00
0.000000000000000000e+00
0.000000000000000000e+00
0.000000000000000000e+00
0.000000000000000000e+00
0.000000000000000000e+00
0.000000000000000000e+00
0.000000000000000000e+00
0.000000000000000000e+00
0.000000000000000000e+00
0.000000000000000000e+00
0.000000000000000000e+00
0.000000000000000000e+00
0.000000000000000000e+00
0.000000000000000000e+00
0.000000000000000000e+00
0.000000000000000000e+00
0.000000000000000000e+00
0.000000000000000000e+00
0.000000000000000000e+00
0.000000000000000000e+00
0.000000000000000000e+00
0.000000000000000000e+00
0.000000000000000000e+00
0.000000000000000000e+00
0.000000000000000000e+00
0.000000000000000000e+00
0.000000000000000000e+00
0.000000000000000000e+00
-7.960684387836234501e-14
0.000000000000000000e+00
0.000000000000000000e+00
-1.242950244414602580e-14
0.000000000000000000e+00
0.000000000000000000e+00
-9.971860655532482066e-15
0.000000000000000000e+00
0.000000000000000000e+00
-8.980740321695783532e-15
0.000000000000000000e+00
0.000000000000000000e+00
-8.671204371956933532e-16
0.000000000000000000e+00
0.000000000000000000e+00
0.000000000000000000e+00
0.000000000000000000e+00
0.000000000000000000e+00
0.000000000000000000e+00
0.000000000000000000e+00
0.000000000000000000e+00
0.000000000000000000e+00
0.000000000000000000e+00
0.000000000000000000e+00
0.000000000000000000e+00
0.000000000000000000e+00
0.000000000000000000e+00
0.000000000000000000e+00
0.000000000000000000e+00
0.000000000000000000e+00
0.000000000000000000e+00
0.000000000000000000e+00
0.000000000000000000e+00
6.829998989237810513e-27
0.000000000000000000e+00
0.000000000000000000e+00
6.812049691631988521e-27
0.000000000000000000e+00
6.810180587521702089e-27
0.000000000000000000e+00
0.000000000000000000e+00
0.000000000000000000e+00
0.000000000000000000e+00
3.745775463225168448e-27
0.000000000000000000e+00
0.000000000000000000e+00
3.755906920903584276e-27
0.000000000000000000e+00
3.757363590633552421e-27
0.000000000000000000e+00
0.000000000000000000e+00
0.000000000000000000e+00
0.000000000000000000e+00
0.000000000000000000e+00
0.000000000000000000e+00
0.000000000000000000e+00
0.000000000000000000e+00
0.000000000000000000e+00
0.000000000000000000e+00
0.000000000000000000e+00
-7.952822558174428874e-14
0.000000000000000000e+00
0.000000000000000000e+00
-1.216361028234849138e-14
0.000000000000000000e+00
0.000000000000000000e+00
-9.861888836954071582e-15
0.000000000000000000e+00
0.000000000000000000e+00
-8.793902117336086918e-15
0.000000000000000000e+00
0.000000000000000000e+00
-8.474556623175965849e-16
0.000000000000000000e+00
0.000000000000000000e+00
0.000000000000000000e+00
0.000000000000000000e+00
0.000000000000000000e+00
0.000000000000000000e+00
0.000000000000000000e+00
0.000000000000000000e+00
0.000000000000000000e+00
0.000000000000000000e+00
0.000000000000000000e+00
0.000000000000000000e+00
0.000000000000000000e+00
0.000000000000000000e+00
0.000000000000000000e+00
0.000000000000000000e+00
0.000000000000000000e+00
0.000000000000000000e+00
0.000000000000000000e+00
0.000000000000000000e+00
6.791937817308280275e-27
0.000000000000000000e+00
0.000000000000000000e+00
0.000000000000000000e+00
0.000000000000000000e+00
6.809617374847143950e-27
0.000000000000000000e+00
6.790097801050991811e-27
0.000000000000000000e+00
0.000000000000000000e+00
3.744337131267779981e-27
0.000000000000000000e+00
0.000000000000000000e+00
0.000000000000000000e+00
0.000000000000000000e+00
3.734365006372938852e-27
0.000000000000000000e+00
3.745775463225116790e-27
0.000000000000000000e+00
0.000000000000000000e+00
0.000000000000000000e+00
0.000000000000000000e+00
0.000000000000000000e+00
0.000000000000000000e+00
0.000000000000000000e+00
0.000000000000000000e+00
0.000000000000000000e+00
-7.876973244336165116e-14
0.000000000000000000e+00
0.000000000000000000e+00
-6.129063050973209501e-15
0.000000000000000000e+00
0.000000000000000000e+00
-7.431291393221501897e-15
0.000000000000000000e+00
0.000000000000000000e+00
-4.556854603512872396e-15
0.000000000000000000e+00
0.000000000000000000e+00
-4.004500434321343367e-16
0.000000000000000000e+00
0.000000000000000000e+00
0.000000000000000000e+00
0.000000000000000000e+00
0.000000000000000000e+00
0.000000000000000000e+00
0.000000000000000000e+00
0.000000000000000000e+00
0.000000000000000000e+00
0.000000000000000000e+00
0.000000000000000000e+00
0.000000000000000000e+00
0.000000000000000000e+00
0.000000000000000000e+00
0.000000000000000000e+00
0.000000000000000000e+00
0.000000000000000000e+00
0.000000000000000000e+00
0.000000000000000000e+00
0.000000000000000000e+00
6.181203658070031024e-27
0.000000000000000000e+00
0.000000000000000000e+00
0.000000000000000000e+00
0.000000000000000000e+00
6.181203658070026719e-27
0.000000000000000000e+00
6.192519767025608868e-27
0.000000000000000000e+00
0.000000000000000000e+00
3.393288989316055874e-27
0.000000000000000000e+00
0.000000000000000000e+00
0.000000000000000000e+00
0.000000000000000000e+00
3.393288989316058744e-27
0.000000000000000000e+00
3.386012103494789395e-27
0.000000000000000000e+00
0.000000000000000000e+00
0.000000000000000000e+00
0.000000000000000000e+00
0.000000000000000000e+00
0.000000000000000000e+00
0.000000000000000000e+00
-7.960684387836177703e-14
0.000000000000000000e+00
0.000000000000000000e+00
-1.242950244414593903e-14
0.000000000000000000e+00
0.000000000000000000e+00
-9.971860655532411069e-15
0.000000000000000000e+00
0.000000000000000000e+00
-8.980740321695720423e-15
0.000000000000000000e+00
0.000000000000000000e+00
-8.671204371956874367e-16
0.000000000000000000e+00
0.000000000000000000e+00
0.000000000000000000e+00
0.000000000000000000e+00
0.000000000000000000e+00
0.000000000000000000e+00
0.000000000000000000e+00
0.000000000000000000e+00
0.000000000000000000e+00
0.000000000000000000e+00
0.000000000000000000e+00
0.000000000000000000e+00
0.000000000000000000e+00
0.000000000000000000e+00
0.000000000000000000e+00
0.000000000000000000e+00
0.000000000000000000e+00
0.000000000000000000e+00
0.000000000000000000e+00
0.000000000000000000e+00
6.812049691631906730e-27
0.000000000000000000e+00
0.000000000000000000e+00
0.000000000000000000e+00
0.000000000000000000e+00
6.829998989237734462e-27
0.000000000000000000e+00
6.810180587521627473e-27
0.000000000000000000e+00
0.000000000000000000e+00
3.755906920903535489e-27
0.000000000000000000e+00
0.000000000000000000e+00
0.000000000000000000e+00
0.000000000000000000e+00
3.745775463225116790e-27
0.000000000000000000e+00
3.757363590633499328e-27
0.000000000000000000e+00
0.000000000000000000e+00
0.000000000000000000e+00
0.000000000000000000e+00
0.000000000000000000e+00
0.000000000000000000e+00
0.000000000000000000e+00
0.000000000000000000e+00
0.000000000000000000e+00
-7.866168992811539835e-14
0.000000000000000000e+00
0.000000000000000000e+00
-5.951844596744182561e-15
0.000000000000000000e+00
0.000000000000000000e+00
-7.354454399300742077e-15
0.000000000000000000e+00
0.000000000000000000e+00
-4.432145205115631352e-15
0.000000000000000000e+00
0.000000000000000000e+00
-3.873815789605830239e-16
0.000000000000000000e+00
0.000000000000000000e+00
0.000000000000000000e+00
0.000000000000000000e+00
0.000000000000000000e+00
0.000000000000000000e+00
0.000000000000000000e+00
0.000000000000000000e+00
0.000000000000000000e+00
0.000000000000000000e+00
0.000000000000000000e+00
0.000000000000000000e+00
0.000000000000000000e+00
0.000000000000000000e+00
0.000000000000000000e+00
0.000000000000000000e+00
0.000000000000000000e+00
0.000000000000000000e+00
0.000000000000000000e+00
0.000000000000000000e+00
6.168586767247954864e-27
0.000000000000000000e+00
0.000000000000000000e+00
0.000000000000000000e+00
0.000000000000000000e+00
6.168586767247949842e-27
0.000000000000000000e+00
6.179760912480373153e-27
0.000000000000000000e+00
0.000000000000000000e+00
3.386012103494787243e-27
0.000000000000000000e+00
0.000000000000000000e+00
0.000000000000000000e+00
0.000000000000000000e+00
3.386012103494789395e-27
0.000000000000000000e+00
3.378818995101716621e-27
